"collection_site_id"	"Ecosystem_Type"	"lentic_ecosystem_size_km2"	"lotic_ecosystem_width_m"	"site_interspe_var_N"	"site_intraspe_var_N"	"site_interspe_var_C"	"site_intraspe_var_C"	"site_nbspe"	"collection_decimal_longitude"	"collection_decimal_latitude"	"site_mean_sample_id"	"site_min_sample_id"	"propintraspecific_N"	"propintraspecific_C"
"002_Sarre"	"Lotic"	NA	NA	0.0856204514177484	0.0489175913587813	0.0182940882797146	0.0308479388463168	9	-3.129123967	48.00782191	4.22222222222222	1	0.363596722155638	0.627730288113738
"004_Couesnon"	"Lotic"	NA	NA	0.0599604321166842	0.0280774550776022	0.0337706388880135	0.0193940402500888	9	-1.503912889	48.37809831	6	5	0.318924680866539	0.364791823528365
"009_Vaudelle"	"Lotic"	NA	NA	0.0380667764803352	0.020414815281679	0.0357763073818688	0.02486713249178	8	-0.1998329304	48.27401433	6.5	2	0.349081046985782	0.410054781582162
"010_l’Huisne"	"Lotic"	NA	NA	0.0761879608514236	0.0507892955985326	0.0749058058598836	0.0257213434315381	11	0.6673933694	48.22016727	5.45454545454545	2	0.399987344336342	0.255610375655656
"011_Gartempe"	"Lotic"	NA	NA	0.182882898174085	0.0511987628227017	0.0724690418747009	0.0750599226233232	12	0.8593819959	46.7569367	6.75	1	0.218721802488425	0.50878092230037
"012_l’Anglin"	"Lotic"	NA	NA	0.292251701676857	0.0995656229401971	0.119823840153097	0.0609336645613053	9	0.9072096965	46.66648033	6.88888888888889	1	0.254112354622166	0.337101713467337
"014_Nahon"	"Lotic"	NA	NA	0.0869263361739215	0.0311185506562167	0.054654708306558	0.0340255591463918	8	1.4573622	47.00774885	7.125	2	0.263616252188839	0.383688052862993
"015_Vendinelle"	"Lotic"	NA	NA	0.236435450590957	0.0348555157842027	0.118708088951164	0.0494892320826499	6	1.804132628	43.5397629	7.16666666666667	5	0.128480193240206	0.294233176714513
"017_l’Indre"	"Lotic"	NA	NA	0.0416120054313473	0.0351991105698804	0.042783176714942	0.0251421158128941	8	1.825410679	46.74515676	6.75	4	0.458255424505456	0.370143651609461
"024_Mauldre, Beynes"	"Lotic"	NA	NA	0.147575278432126	0.180362709492474	0.0626925769623041	0.028699588255091	10	1.879623405	48.8434477	11.4	1	0.549990291255747	0.314026789789072
"027_Créquoise"	"Lotic"	NA	NA	0.0941363232012721	0.036923020730499	0.017058443938946	0.0676363111139281	4	1.917359269	50.43592787	10	5	0.281727495520815	0.798589134258709
"037_Orge, Dourdan"	"Lotic"	NA	NA	0.0367947244077158	0.0402092391781975	0.0537334123928241	0.0332006366008836	7	2.011372544	48.52735408	14.2857142857143	4	0.522171032577253	0.381906019392778
"041_Rémarde, Val-St-Germain"	"Lotic"	NA	NA	0.144876456850856	0.070612111507811	0.179526449458361	0.03242307345829	12	2.07402796082779	48.5685828239993	22.9166666666667	1	0.3276837933708	0.152975449116912
"042_Cher"	"Lotic"	NA	NA	0.1003955031543	0.0346935096919646	0.0308588897833605	0.0856256965484709	12	2.094272064	47.19759172	6.25	2	0.256819625526813	0.735081775579713
"043_Yvette, Saint-Rémy-lès-Chevreuse"	"Lotic"	NA	NA	0.0687940764070444	0.0810029226131308	0.0194309033235107	0.0490298388555915	10	2.08885728882257	48.7046670988957	23.6	2	0.540751304385083	0.716174515422621
"045_Prédecelle, St-Maurice-Montcouronne"	"Lotic"	NA	NA	0.549007831512406	0.0628293263006099	0.0151996735311322	0.0404498402005882	6	2.105927223	48.57652819	14.1666666666667	2	0.102689621737245	0.726867810482443
"047_Prédecelle, Vaugrigneuse"	"Lotic"	NA	NA	0.0623220803695486	0.0242610194441734	0.0148185720422619	0.0348118358985731	5	2.12169893	48.60992717	12.8	2	0.280205022647254	0.70142151440852
"049_Orge, Breux-Jouy"	"Lotic"	NA	NA	0.126208376160986	0.0169277042520029	0.0147348134629378	0.0646351767991103	6	2.160723823	48.55869587	8.66666666666667	2	0.118263013791922	0.814352837712474
"052_Orge, Breuillet"	"Lotic"	NA	NA	0.09789061048802	0.0233664470293236	0.0862484033775822	0.0575453032851268	13	2.18627822966581	48.5693033814671	17	1	0.192701748728988	0.400193475922479
"053_Yvette, Villebon-sur-Yvette"	"Lotic"	NA	NA	0.0628694340020235	0.0363865418295905	0.0316495763779912	0.0481493173998163	4	2.234648576	48.70085779	18.5	1	0.366592958506797	0.60338326912004
"055_Orge, Viry-Châtillon"	"Lotic"	NA	NA	0.153592327925862	0.024654745817243	0.00907994373706551	0.0270941878284413	5	2.358544841	48.67288939	19.6	6	0.138317815263414	0.748993456259679
"056_Cère"	"Lotic"	NA	NA	0.0632970103580649	0.0524696526933939	0.027249638364281	0.033103607326843	7	2.369715912	44.87723391	6.42857142857143	1	0.453236288499314	0.548497548851983
"058_petite Sauldre"	"Lotic"	NA	NA	0.0798190463866132	0.0593399390755406	0.0782531348685788	0.0318929875287195	10	2.469656492	47.30447874	7.4	1	0.426418307653435	0.289551614115666
"070_l’Allier"	"Lotic"	NA	NA	0.0706038810185371	0.0377990769575266	0.156796274112395	0.0968933681573617	21	3.318470302	46.40355429	7.38095238095238	1	0.348690457006468	0.381936634426453
"072_Hogneau"	"Lotic"	NA	NA	0.158657030258292	0.053851683121006	0.0635015896707016	0.0311995105381883	11	3.738651692	50.33407847	4.72727272727273	1	0.253409294445674	0.329452461157991
"075_Loire"	"Lotic"	NA	NA	0.0898625892603317	0.0513382429690417	0.182253085577078	0.117413906744733	5	3.919867996	44.89259753	9	5	0.363583147198774	0.391814613398071
"077_Galeizon"	"Lotic"	NA	NA	0.125224737555248	0.0495582048248938	0.0325712750916983	0.0568370654288235	7	4.022744706	44.15717804	7.28571428571429	2	0.28354142658331	0.635702050814574
"080_Furan"	"Lotic"	NA	NA	0.154931231011725	0.045248437213354	0.00941514509281007	0.0483532941420297	4	4.260494621	45.5219521	8.5	5	0.226039125824094	0.837019223342079
"090_l’Ain"	"Lotic"	NA	NA	0.073064780511702	0.0346211966718267	0.0551596127070746	0.0560665380696966	8	5.208211085	45.81620361	6.25	1	0.321501439438321	0.504076943040321
"091_Roanne"	"Lotic"	NA	NA	0.133278436759484	0.0619222121069541	0.179330609775805	0.031895017470714	5	5.271131161	44.6709661	4.6	1	0.317223392783511	0.150999752664906
"092_Meuse"	"Lotic"	NA	NA	0.0362480020373645	0.0480685725230572	0.135153356459285	0.083182784374267	10	5.540625989	48.87021028	6.6	3	0.570096363302936	0.380984953094326
"105_Fourches"	"Lotic"	NA	NA	0.0967798932608428	0.0318335689203544	0.0286184468637416	0.0480853628473499	4	6.153864734	47.69571191	7.25	4	0.247513505821853	0.62689666951962
"106_l’Altbach"	"Lotic"	NA	NA	0.154714707647924	0.0320826535827609	0.109608106674741	0.0483471024417065	8	6.305686676	49.47121342	6.25	1	0.171751107035931	0.306081089140049
"107_Moselle"	"Lotic"	NA	NA	0.0113466117613438	0.0471524522011504	0.0304970604298769	0.0498091022280398	8	6.244509251	48.5460891	8.75	5	0.806037721071596	0.620240098387138
"108_Gélon"	"Lotic"	NA	NA	0.0786251866046432	0.0133916925906111	0.0152462865617098	0.00810138181679899	4	6.145879999	45.4857655	3.25	1	0.145535174717182	0.346988902080526
"109_Doubs"	"Lotic"	NA	NA	0.105440918357778	0.0365854207152117	0.189424834876613	0.145657326305787	5	6.950921836	47.26221411	6.8	1	0.257596027286248	0.434691377755855
"112_l’Ill"	"Lotic"	NA	NA	0.109665456256612	0.0187182740032671	0.00696468261208578	0.0213761796498582	8	7.396644488	47.96473847	5.5	2	0.14579942462629	0.754252974108063
"4-Mile Hole"	"Lotic"	0.55	NA	0.0670852148427068	0.067834926508627	0.499043148600044	0.198644032009355	15	132.21865	-12.57082	5.86666666666667	1	0.502778353396355	0.284717904427953
"A1"	"Lotic"	NA	TRUE	0.130535416121511	0.0760668209669368	0.0192261741505078	0.0295865539583425	7	-6.970127	38.158073	5.57142857142857	1	0.368180045090083	0.606123753058132
"A2"	"Lotic"	NA	TRUE	0.126834546151597	0.174778254855531	0.0420902912559298	0.0228610685162057	9	-7.054216	38.179958	5.66666666666667	1	0.579478902327493	0.351972131090214
"A3"	"Lotic"	NA	TRUE	0.150992692002664	0.0493639659267069	0.0615691412339666	0.0366034607975552	8	-7.0921	38.09122	6.125	2	0.246380461906629	0.37284802521382
"A4"	"Lotic"	NA	TRUE	0.10190163656253	0.0660191599737233	0.158653702132797	0.11055081565227	9	-7.184753	38.070386	6.66666666666667	3	0.393156543653424	0.410657356577255
"A5"	"Lotic"	NA	TRUE	0.101220465442884	0.111098315243394	0.0207229116662229	0.0426880243716099	6	-7.298176	38.148395	8	4	0.523261837150208	0.673196565749179
"Abbess"	"Lentic"	1.34	NA	0.208221769563119	0.0232254974421225	0.0234516286213496	0.0465056994628977	5	-91.68278	48.68028	10.2	1	0.100348981185406	0.664772379626797
"After N - M confluence"	"Lotic"	NA	NA	0.101068914294313	0.14853157095072	0.229145515337731	0.258783867147115	5	31.994499	-28.710591	9.2	5	0.595077252373553	0.530371558747339
"Alice Crossing Waterhole"	"Lotic"	NA	TRUE	0.0644241184420783	0.0436227313156463	0.553914137845569	0.557968936927837	17	142.0258	-15.38	4.11764705882353	1	0.403739039254382	0.501823392753368
"Andrews1"	"Lotic"	NA	TRUE	0.0197120570879719	0.00441277216021686	0.0978943566769483	0.0728071544801991	4	171.7879795	-43.00457405	2.5	1	0.182914130285427	0.426517340043774
"Andrews2"	"Lotic"	NA	TRUE	0.0220528483076282	0.00308349816770686	0.229240972745712	0.322255937446939	5	171.7887182	-43.0039275	2.2	1	0.122670896931363	0.584329542905993
"Andrews3"	"Lotic"	NA	TRUE	0.022817069024326	0.00892693594296954	0.0249278219243695	0.045646942812695	4	171.7888015	-43.0029885	2.5	1	0.281216436053566	0.646788451690326
"Andrews4"	"Lotic"	NA	TRUE	0.0166597086206864	0.00799513415140879	0.0179626728267442	0.0728429761784479	5	171.7887045	-43.0011808	1.8	1	0.324282504062765	0.80218551352772
"Angle"	"Lentic"	NA	NA	0.0453391196718477	0.0395645875151421	0.12646666512747	0.280329130551606	6	-122.2883167	47.42611667	11.5	6	0.465993639453293	0.68911511261724
"Annecy"	"Lentic"	27.6	NA	0.110856306464911	0.0572680223648374	0.403821004533506	0.121161216379198	6	6.167323	45.861525	91.3333333333333	3	0.340629002140613	0.23079108501723
"Annecy_1"	"Lentic"	27.6	NA	0.334113092451714	0.088047121761396	0.16560345289777	0.217204827050714	9	6.163049	45.867835	4.11111111111111	2	0.208563286631623	0.567398456166998
"Argo"	"Lentic"	9.4	NA	0.357571883502938	0.0264523135579992	0.930545781558943	0.42845359210849	4	-91.80389	48.25694	12.75	5	0.0688818927568821	0.315271368339378
"Arima_HP"	"Lotic"	NA	TRUE	0.0724537894648425	0.0858991610566358	0.100923999852635	0.0818746691815116	4	-61.294314	10.69845	17.25	3	0.542453808241387	0.447895324479728
"Aripo_HP"	"Lotic"	NA	TRUE	0.0713440406684806	0.0213798424826267	0.108587808137874	0.125515505768282	10	-61.227433	10.665633	5.6	1	0.230575357244099	0.536154331495694
"BID"	"Lentic"	0.151836	NA	0.196309486740842	0.0623082632962502	0.0664468410404269	0.122919716684474	9	1.285494	43.525573	5.77777777777778	1	0.240928023259477	0.649109949302895
"BIR"	"Lentic"	0.203628	NA	0.193882772028468	0.0627489203202366	0.217468591933977	0.107564042885464	8	1.289764	43.530329	7	2	0.244509630692748	0.330933055215262
"BON"	"Lentic"	0.2714	NA	0.0888352737065852	0.102062695270982	0.082044544961657	0.128591500671154	6	1.27367	43.453752	8.83333333333333	5	0.534645265309111	0.610491429825452
"BURRO-01"	"Lotic"	NA	NA	0.0427339839923257	0.0370665917410119	0.010893397480135	0.031908655347691	5	-113.24591	34.73391	8	3	0.464490279680111	0.745493574246207
"BURRO-02"	"Lotic"	NA	NA	0.0333274173547984	0.0389997170523023	0.00482500640615187	0.0330927452247932	4	-113.24429	34.73655	8.75	7	0.539212805429127	0.872750724960862
"BURRO-06"	"Lotic"	NA	NA	0.0377953381702787	0.0673355930266442	0.022970238874658	0.0309791833754408	4	-113.35178	34.56383	6	4	0.64049269097138	0.574226415842369
"BURRO-07"	"Lotic"	NA	NA	0.0602583036691588	0.0401997943217086	0.0385825309359071	0.0254930954984558	4	-113.35692	34.55859	9.25	7	0.400164796324963	0.397859481320408
"BVI"	"Lentic"	0.018895	NA	0.206605494458045	0.0195348794059839	0.158948961016489	0.110599729828839	7	1.354537	43.519202	7	3	0.0863838644652176	0.410314475956046
"Baakens"	"Lotic"	NA	FALSE	0.016703687591974	0.0668765509759178	0.0513860689729205	0.14638921916536	6	25.5678	-33.963	2.66666666666667	1	0.800147883301318	0.740179526690957
"Baitpool"	"Lentic"	NA	NA	0.0072343513600199	0.0368936889758352	0.183210014229447	0.0517807796919867	5	123.684752	-17.783672	4.6	3	0.836059990315459	0.220352375630932
"Balmoral"	"Lotic"	NA	TRUE	0.098847430294679	0.0595168748211092	0.221225536439067	0.132804238865044	9	116.123389	-21.252572	4.33333333333333	1	0.375822536382762	0.375121665263792
"Barramundi Gorge"	"Lotic"	NA	TRUE	0.0773227761425598	0.0510914055871331	0.694141416904639	0.412547811752505	14	132.4359	-13.31026	4.64285714285714	1	0.397864199257047	0.372776567323322
"Batts_Bridge_Stream_Site_A_Cackle_Street"	"Lotic"	NA	NA	0.261337672054205	0.026730421567161	0.0679206634235192	0.147630577120275	6	0.075281	51.017806	20.3333333333333	3	0.0927920243825936	0.684897831011465
"Batts_Bridge_Stream_Site_B_Old_Forge_Lane"	"Lotic"	NA	NA	0.231192666475549	0.0409085379883389	0.0587705742223262	0.104000125259784	8	0.078184	51.013064	19.75	1	0.150343097778415	0.638936403116055
"Batts_Bridge_Stream_Site_C_Batts_Bridge"	"Lotic"	NA	NA	0.181720303563364	0.0667428995519576	0.0622235967608928	0.0674192348989286	5	0.066774	50.993945	17.8	3	0.268622873387733	0.520038277749397
"Belen"	"Lotic"	NA	NA	0.0975564438739788	0.0196537487222512	0.229289454652085	0.106652122361437	39	-57.794189	-30.769745	3.35897435897436	1	0.167679519049637	0.317472232254076
"Bella Unión"	"Lotic"	NA	NA	0.153788302304709	0.059885112246356	0.226788259032455	0.161170525239222	32	-57.612551	-30.247292	2.375	1	0.280264685113853	0.415432081378931
"Big"	"Lentic"	NA	NA	0.177734183135338	0.0870707972684303	0.0159848430734048	0.0238371112064141	5	-132.952	69.2944	8.6	2	0.328811025894101	0.598592199642355
"Big Sand"	"Lotic"	NA	NA	0.0471737007110222	0.0319197522436307	0.313262966283377	0.131973589774359	10	125.857705	-18.202529	8.8	2	0.403570093999202	0.296412295843123
"Bilanoo"	"Lotic"	NA	TRUE	0.0772329231757246	0.0147765813685916	0.288994706204631	0.124798286092131	8	116.144841	-21.295131	3	1	0.160598423410426	0.301595939069525
"Booligar"	"Lentic"	0.12	NA	0.135164349024911	0.10179264407666	0.156736829370903	0.173599174922431	8	148.079656	-28.924847	9.5	1	0.429582781011351	0.525523021003419
"Borden Bridge"	"Lotic"	NA	TRUE	0.137115763365928	0.121764302978348	0.00676105044832787	0.0361725820122207	8	-107.15203	52.37287	2.875	1	0.4703502463431	0.842523214066721
"Broken Wagon"	"Lotic"	NA	NA	0.0725542774146917	0.0275397571062099	0.320143214403744	0.10690605750738	17	123.696755	-17.827829	9.17647058823529	1	0.275138845566856	0.250336587693864
"Bucket Billabong"	"Lotic"	0.09	NA	0.132951996501203	0.0807125188581822	0.52342100330231	0.374095983866336	22	132.45525	-12.85431	5.31818181818182	1	0.377753501663217	0.416812148644092
"Bullhole"	"Lotic"	NA	NA	0.04062124504023	0.0778830521864222	0.448957658271167	0.175349428604715	10	124.51391	-18.264193	8.6	1	0.657217113717509	0.280870475909841
"Bushy Creek"	"Lotic"	NA	NA	0.121282544786054	0.051451761259882	0.489182659798303	0.155898577616621	4	145.3166667	-16.56666667	4.5	3	0.297866488931268	0.241672782549626
"C2"	"Lotic"	NA	TRUE	0.0583270280871115	0.131892967163061	0.0557041727638751	0.0766669257000563	7	-7.352868	39.241752	7.42857142857143	1	0.693370678458901	0.579181759384936
"C3"	"Lotic"	NA	TRUE	0.041939963645042	0.0312967888267635	0.455482259524183	0.125427584508491	7	-7.277278	39.13275	6.42857142857143	1	0.427337201206622	0.215915749744871
"CH1"	"Lotic"	NA	TRUE	0.145669819350903	0.069814071377598	0.0427101463757817	0.0582664736640548	12	-7.46013	37.730271	6.08333333333333	1	0.323987427280864	0.577029352349761
"CH2"	"Lotic"	NA	TRUE	0.175977472967522	0.0684012009773826	0.104029031718639	0.0791938037388283	11	-7.410703	37.762035	6.36363636363636	1	0.279898404689779	0.432226712031276
"CH3"	"Lotic"	NA	TRUE	0.161775374097463	0.096473474914978	0.123668784782675	0.08917846024242	11	-7.254917	37.9355	7.54545454545455	1	0.373567879523561	0.418978691652344
"CHIAPASBENEMERITO"	"Lotic"	NA	TRUE	0.0407160400642714	0.0114695274279155	0.211191293579586	0.0742672064932098	22	-90.647545	16.552306	3.04545454545455	1	0.219783514467533	0.260168138185658
"CHIAPASCATAZAJA"	"Lentic"	504.5078	NA	0.128440441065658	0.0648489864253052	0.330139658583595	0.138778043225774	22	-92.030542	17.776863	7.18181818181818	1	0.335501984082068	0.295953943922961
"CHIAPASFRONTERA COROZAL"	"Lotic"	NA	TRUE	0.188976225799038	0.0310087690520351	0.0806268758036232	0.0980764000961636	25	-90.96074	16.863074	4.08	1	0.140958564346753	0.548822620079796
"CHIAPASLACANTUN"	"Lotic"	NA	TRUE	0.137449979276478	0.0187484228304632	0.0985357016889071	0.0998061409313962	27	-90.862443	16.254869	4.51851851851852	1	0.120029543052733	0.503202650599856
"CLS"	"Lotic"	NA	NA	0.597355014378946	0.00728233558595953	0.422959406050776	0.00345701489923352	5	171.699508	-43.0234885	1.2	1	0.0120441378396194	0.00810713361256508
"CR"	"Lotic"	NA	NA	0.0647802679565576	0.0052753176838708	0.0745467243800331	0.0493159315080967	4	171.71225125	-43.012909	1.5	1	0.0753018854334788	0.398150121636645
"CR1"	"Lotic"	NA	TRUE	0.0708280767412876	0.0222867009710722	0.0350854023742772	0.0294017909859751	6	-7.685658	37.616813	6.83333333333333	2	0.239346551842908	0.455932247225033
"Cahill's Crossing"	"Lotic"	NA	TRUE	0.110153574733097	0.0275114545059351	0.52352765258634	0.343712390825638	15	132.968	-12.429	3.06666666666667	1	0.199843450860466	0.396329013445196
"Cairo Lagoon"	"Lentic"	NA	NA	0.120061925899728	0.0194204378177126	0.354169757144669	0.10506412685242	9	143.2183333	-16.46166667	3.22222222222222	1	0.13923221043955	0.228781304066592
"Candes"	"Lentic"	0.11291	NA	0.429203312656815	0.133642604997645	0.84355814477139	0.333221594474337	7	1.978936	44.950435	5.42857142857143	3	0.237440835592398	0.28316394594618
"Cannon Hill Billabong"	"Lotic"	0.07	NA	0.159606901354213	0.0328443095552807	0.528013624436122	0.33376401650548	19	132.954536	-12.374708	5.57894736842105	1	0.170663044415589	0.387297140989641
"Cascade"	"Lentic"	NA	NA	0.106240801000368	0.0599241342289083	0.225079180181874	0.0201314876400453	5	-122.852	48.6513	2.4	1	0.360630443157121	0.0820987431699569
"Catamaran Brook"	"Lotic"	NA	TRUE	0.284619194705851	0.0435139301076333	0.04167217696251	0.14374208852289	8	-66.001731	46.887595	19.625	1	0.132610598617153	0.775248269849057
"Chenilly_brook"	"Lotic"	NA	NA	0.246426441188628	0.0816046637169667	0.0188700988926842	0.0583194983083182	5	-0.88757	48.600016	13.4	4	0.248771114984513	0.755535725318708
"Chesthunt Lock"	"Lotic"	NA	NA	0.0277422265331621	0.00568845680926914	0.223818530747575	0.00209052661999287	4	-0.016882	51.710046	2.25	1	0.170156761409934	0.00925384154293317
"Christmas Creek"	"Lotic"	NA	NA	0.0865840533107561	0.0355905011926891	0.396972360475339	0.270392503483837	12	125.380907	-18.479874	7.58333333333333	1	0.291308622628826	0.405164428165606
"Clairvaux"	"Lentic"	0.64	NA	0.0707773433147024	0.0709502923855283	0.383667322355613	0.175573994120737	9	5.74962	46.56429	8.33333333333333	5	0.500610145896993	0.313950326894637
"Cliff"	"Lentic"	22.36	NA	0.173820234130627	0.0126939613081563	0.196660500223267	0.0760148487348053	6	-93.30083	50.17083	9.83333333333333	2	0.0680589553963612	0.278774187051627
"Cottage"	"Lentic"	NA	NA	0.0612997553228065	0.0545848948520768	0.229551850674131	0.300153880067078	7	-122.0866167	47.75391667	6.57142857142857	2	0.4710278261159	0.566642689795101
"Crique_Chien"	"Lotic"	NA	NA	0.046964755903375	0.0377820852686275	0.228508757062298	0.100148211860345	45	-52.4868368713666	3.1873884674182	6.82222222222222	1	0.445822932703118	0.304719574907044
"Crique_Clando"	"Lotic"	NA	NA	0.0370983133765492	0.0287545704278088	0.318661617297072	0.155136820950692	11	-53.96736	4.75431	4.09090909090909	1	0.436648613798533	0.327432107046258
"Crique_Nouvelle_France"	"Lotic"	NA	NA	0.075930085634122	0.0244216100698327	0.240627574442307	0.119410624117707	67	-53.1796343318239	3.59509676998526	7.01492537313433	1	0.243360213283075	0.331660986515582
"Crique_Quad"	"Lotic"	NA	NA	0.0756736309778023	0.0387857862821645	0.389192599449174	0.0905294874506227	21	-53.97761	4.74515	3.23809523809524	1	0.338860595402753	0.188712360599591
"Crique_Violette"	"Lotic"	NA	NA	0.0761539783631825	0.101086464790235	0.396177564090795	0.18994048602147	14	-53.95892	4.73665	3.35714285714286	1	0.57033520674926	0.324065239050545
"Crique_a_l'Est"	"Lotic"	NA	NA	0.0234129356260416	0.0158675358236946	0.186131758800887	0.0402354885059104	25	-53.22197	3.66264	3.56	1	0.403954821265293	0.177744302608314
"Crocodile Hole"	"Lotic"	NA	NA	0.144219874396048	0.0407292338034212	0.241966350756213	0.0599671177069752	16	142.1712	-15.4049	2.5625	1	0.22021860067308	0.198610369404233
"Crystal"	"Lentic"	6.24	NA	0.297039909403568	0.010272062377252	0.0627775520374692	0.0219313784702352	4	-91.28278	48.70944	8.25	1	0.0334255197339928	0.258902790281841
"D2"	"Lotic"	NA	TRUE	0.067790370791776	0.0468250193250844	0.017403874423882	0.0470795888562864	7	-7.685554	38.566776	8.42857142857143	2	0.408540417454778	0.730103292556333
"D3"	"Lotic"	NA	TRUE	0.158524357644262	0.0547598729248521	0.148863039030937	0.0785759858906079	6	-7.688804	38.477142	7	1	0.256745999358389	0.345481545736105
"D4"	"Lotic"	NA	TRUE	0.250920161497488	0.0790837993343791	0.101579393932535	0.168289282725924	7	-7.716366	38.423573	5.85714285714286	1	0.239645000426741	0.623596946521172
"DUCK"	"Lotic"	NA	NA	0.0573112547442615	0.22359059954006	0.0369978333614636	0.212939981152058	6	172.079533972222	-43.1498852777778	5.5	1	0.795974096040489	0.851971845743006
"Dawadere"	"Lotic"	NA	NA	0.279465558317354	0.128576773674203	0.612565307704048	0.561138138397907	10	125.533975	-18.276582	8.5	1	0.315106457329195	0.478091923698044
"Deep Lagoon"	"Lentic"	NA	NA	0.0825206716150584	0.0817307149173526	0.319757604028543	0.0947318415287246	9	143.375	-16.635	2.33333333333333	1	0.497595281493865	0.228550672505933
"Dickson Hole"	"Lotic"	NA	NA	0.0781005245502961	0.10377040543086	0.0732351676968108	0.136892158007504	6	143.9566667	-17.49666667	4	1	0.570571698520548	0.651472422963849
"Digarrwan"	"Lotic"	NA	NA	0.0387309391850884	0.033666538088272	0.313421173253956	0.14084977417456	4	125.597683	-18.180426	7.75	2	0.465023635577148	0.310056751310789
"Doorban"	"Lotic"	NA	NA	0.0691471601248021	0.0171601281890838	0.557569463184306	0.217569514482973	12	123.872198	-18.059846	3.25	1	0.19882594534398	0.280684523358291
"Doorrban"	"Lotic"	NA	NA	0.102439888414549	0.0874547791581665	0.560143608529517	0.193963153323965	14	123.872198	-18.059846	13.7142857142857	1	0.460543628086229	0.257209142174024
"Douenne_brook"	"Lotic"	NA	NA	0.14741846674437	0.0608660794126439	0.0283090935388287	0.0639018343814257	5	-1.074531	48.609517	13.8	5	0.292225614120985	0.692996327254066
"East Fork"	"Lotic"	NA	TRUE	0.107156638694463	0.0176561686848436	0.0867177118500824	0.104262301393775	8	-108.1252318	33.30032929	14.5	3	0.141461193410916	0.545933051437406
"Emu Creek @ Petford"	"Lotic"	NA	NA	0.0456341437742043	0.022185997616035	0.431907767134023	0.265851031135937	10	144.9483333	-17.335	2.8	2	0.32712992278173	0.381007064038597
"Evergreen Lagoon"	"Lentic"	NA	NA	0.0761229309660646	0.156436533928759	0.0595634158792149	0.124582969047043	6	141.7354	-15.6189	3.66666666666667	1	0.672673262296628	0.676543115939705
"F1"	"Lotic"	NA	TRUE	0.0337496877073367	0.0166940396676538	0.271574032825637	1.15661784889837	11	-7.737848	37.404844	7.54545454545455	1	0.330943816731723	0.809847656816384
"F2"	"Lotic"	NA	TRUE	0.0904654661326224	0.0389773845710115	0.0350887636108726	0.109070501842205	10	-7.521334	37.381827	6.4	1	0.301116549574857	0.756597236392733
"FDL"	"Lentic"	0.187706	NA	0.240181444661247	0.0716825936983854	0.0848618410733449	0.122248035536232	13	1.302606	43.43998	5.15384615384615	1	0.229852066546138	0.590256908735848
"FKL"	"Lotic"	NA	NA	0.0500312416753197	0.0257547748960965	0.0377778226648666	0.0291157358204462	4	27.968412	-24.256686	4.75	4	0.339835448031851	0.435254701345256
"FRANCIS-03"	"Lotic"	NA	NA	0.0627911012203271	0.0471900681141658	0.00356164879458785	0.0961957206564065	4	-113.26434	34.76313	9	6	0.429074071495308	0.964296885391134
"FRANCIS-04"	"Lotic"	NA	NA	0.0196131029391336	0.0222908985127233	0.0458906567854484	0.0293720321083826	6	-113.25307	34.74886	8.66666666666667	3	0.531951549742406	0.390260201171076
"FTM"	"Lentic"	0.24	NA	0.0349529130404903	0.0606816876798519	0.427985697722876	0.302092883617609	13	140.86067	-19.33341	5	1	0.634516035229752	0.413781326200449
"FWB"	"Lentic"	0.63	NA	0.0528185931771487	0.0465126581946599	0.485210437145307	0.253216435922751	15	140.8578833	-18.16226667	3.73333333333333	1	0.468258051240667	0.342913354264414
"FWL"	"Lentic"	0.03	NA	0.108311105092554	0.196329427395786	0.386042666208839	0.16729308751696	18	140.60063	-18.99092	5.38888888888889	1	0.644462592656808	0.302335582673843
"Fishhole Creek"	"Lotic"	NA	NA	0.0623537351725568	0.0366630240642576	1.0208920269885	0.137224253227995	10	141.789728178417	-15.47243667	3.7	1	0.370270895016591	0.118489184179625
"Five Fingers River 11-sediment_traps"	"Lotic"	NA	TRUE	0.00367590908296352	0.0118053034672898	0.0824337888921809	0.0286196019314468	5	-67.3729	47.5675	6.2	3	0.762556771891658	0.25771029339302
"Five Fingers River 7-fishway"	"Lotic"	NA	TRUE	0.0346473390119235	0.0129293434740399	0.096949691532226	0.0446493515650425	4	-67.377902	47.55207	10.75	8	0.271757987284095	0.315322410296033
"Forks Campground"	"Lotic"	NA	TRUE	0.0728972174757093	0.0733293282880351	0.0461405736549713	0.170917793634805	14	-108.1985056	33.18065022	14.4285714285714	1	0.501477538876641	0.787427804644946
"Four Hour Lagoon"	"Lentic"	NA	NA	0.0407713486571454	0.0113639458994336	0.373726936059969	0.108583155685301	8	143.3918	-16.6655	2	1	0.21797030200148	0.225131419689739
"Frente a Isla del Zapallo"	"Lotic"	NA	NA	0.120312556664372	0.0513839071325372	0.151604633710723	0.185504259056308	41	-57.870844	-30.508209	3.36585365853659	1	0.299271784614717	0.550279933387892
"G3"	"Lotic"	NA	TRUE	0.0170394530260512	0.0474647328528144	0.0829767891614783	0.123103605135664	11	-7.642629	38.025893	5.09090909090909	1	0.735839577015201	0.597357189438235
"GSM"	"Lotic"	NA	NA	0.21428759076014	0.00948640909235366	0.310819147050737	0.135398833056566	4	171.978275515625	-43.1998113549107	8	1	0.0423928119379681	0.30343652450761
"Garonne_Muret"	"Lotic"	NA	NA	0.0276277468992285	0.0138422441391879	0.029092359536298	0.00854185354793678	11	1.3273	43.45862	6.45454545454545	1	0.333789417180363	0.226970430571193
"Gensac"	"Lentic"	0.42926	NA	0.124005834989483	0.0209946671763326	0.277056147003065	0.0879636352127527	11	0.957323	43.966092	6.81818181818182	1	0.144790306673035	0.240983200085151
"Gidi Gidi"	"Lentic"	0.03	NA	0.0720579308726275	0.0480510513273037	0.280213794674874	0.0807361294873083	7	150.047162	-28.403415	13.7142857142857	2	0.400062097331894	0.223676815211165
"Gouyre"	"Lentic"	0.60238	NA	0.182096671951103	0.0309857155940389	0.146205712553359	0.0582541375672074	10	1.60547	44.047403	5.9	1	0.145416596608551	0.284917246749696
"Guanapo_HP"	"Lotic"	NA	TRUE	0.0635594939856961	0.0134171473923915	0.122042465795131	0.0402794891946062	7	-61.26175	10.696111	8	2	0.174301543327803	0.248145663334037
"Guapiaçu"	"Lotic"	NA	TRUE	0.0378297606196749	0.0298784177508025	0.241982632506457	0.281820927828009	12	-42.7595	-22.435583	3.5	2	0.44128225673592	0.538027896656634
"Guaviyu"	"Lotic"	NA	NA	0.0840149257789646	0.0541917859904611	0.0746391494288639	0.139610414287731	20	-58.043539	-31.766988	2.55	1	0.392106760204749	0.651625197577554
"HANM"	"Lotic"	NA	NA	0.0665258744168905	0.0628392047289769	0.103729923429264	0.0749774202403929	4	172.2267592	-43.139389825	4.25	1	0.485750908544041	0.41955422032902
"Hers_Launaguet"	"Lotic"	NA	NA	0.624318637899089	0.20465622644415	0.289403238746812	0.0312006485169597	8	1.44714	43.66534	12.375	1	0.246878687457297	0.0973183724727888
"Highway 17"	"Lotic"	NA	TRUE	0.160210647414481	0.0467610505067991	0.140469980603678	0.0473554608194463	8	-109.94951	53.5829	3.625	1	0.225929684959072	0.252124847734371
"Highway 21"	"Lotic"	NA	TRUE	0.183426263109582	0.0923854737526963	0.011962278069378	0.0343365003558188	8	-109.29799	53.39618	3	1	0.334958456821681	0.741628646019139
"Highway 3"	"Lotic"	NA	TRUE	0.114143606277877	0.0640186032238106	0.017897092455626	0.0178476425817941	9	-109.62186	53.52848	4	1	0.35932762286047	0.499308291503907
"Hodgkinson River"	"Lotic"	NA	NA	0.136816115775821	0.110610340844536	0.133376753526553	0.173017161871763	5	144.8166667	-16.71666667	2.8	2	0.447043304727323	0.564688635043024
"Hooley_Ck"	"Lotic"	NA	TRUE	0.161938815675443	0.141122611450828	0.0218533499790312	0.105896323367312	6	117.999111	-21.884789	3.83333333333333	2	0.465656790403846	0.828936157669974
"Hovsgol"	"Lentic"	2760	NA	0.0442942950177979	0.0492620976870517	0.154245989468765	0.243207980329618	10	100.491676	51.048178	50	9	0.526549776694182	0.61191483495055
"Hucks Farm Middle Lake"	"Lentic"	0.00325	NA	0.118127197833757	0.0609482216715464	0.00758454455525573	0.0759523611529027	6	-2.345661	52.219124	32.1666666666667	7	0.340349456334744	0.909207260061166
"Hucks Farm Top  Lake"	"Lentic"	0.00306	NA	0.072512009982282	0.0942685594655535	0.178618795577341	0.343155172260486	6	-2.34395	52.219607	30.1666666666667	29	0.565225072546824	0.657670166418005
"Ilay"	"Lentic"	0.72	NA	0.111493038220547	0.12247779297951	0.253125592571011	0.151170961294001	7	5.89555	46.62493	9	1	0.523474624385058	0.373911080489878
"Ilha_Grande_RJ_Rio_Andorinha_downstream"	"Lotic"	NA	TRUE	0.0112920255417099	0.0358516013376073	0.221731492174341	0.152770026205186	4	-44.119512	-23.111622	11	1	0.760476096363643	0.407928990157967
"Jabiluka Billabong"	"Lotic"	0.18	NA	0.15810602161686	0.0422954429739322	0.281134312320998	0.236245658889313	24	132.874506	-12.461872	6.75	1	0.211053562209722	0.456619258640147
"James Smith Cree Nation"	"Lotic"	NA	TRUE	0.460767325964483	0.0353524165222538	0.054046159648719	0.0401484985339175	10	-104.8442	53.15875	2.4	1	0.0712578305089297	0.426229037915001
"Jubilee Downs"	"Lotic"	NA	NA	0.0375221988992186	0.0813315116019578	0.41090124524878	0.611852690420662	12	125.301913	-18.366228	7.5	1	0.684299305919884	0.598240367581842
"Kavango"	"Lotic"	NA	TRUE	0.0840209273813297	0.0343154274992832	0.358074759302363	0.145063830857304	43	21.751944	-18.193333	7.90697674418605	1	0.289982123700728	0.288317838652108
"Kay"	"Lentic"	3.47	NA	0.46029814160359	0.0359645158054132	0.0656415807445962	0.0529374534805986	4	-91.47333	49.23694	8.5	2	0.072470727483677	0.446431815088529
"Khayeng"	"Lotic"	NA	TRUE	0.100367635310639	0.0240281530816275	0.380382137635502	0.0574052209538235	6	98.568	14.631	2.66666666666667	1	0.193158895427051	0.131125807603946
"Killarney"	"Lentic"	NA	NA	0.0875576154016922	0.226059210234831	0.0282587462604525	0.125117273889858	4	-122.2909	47.2867	8.25	1	0.7208133995235	0.815755121088951
"Killarney Waterhole"	"Lotic"	NA	NA	0.0738996828536327	0.0189533214990554	0.343981863013332	0.113728346844763	15	141.7446	-15.92152	4.26666666666667	1	0.204121790470711	0.248472383607136
"Kingfish Lagoon"	"Lentic"	NA	NA	0.158075447484632	0.0166441023830588	0.10312862189158	0.105766477688054	8	142.825	-16.17333333	1.875	1	0.0952618204182806	0.506313828811166
"Koolatah Gauging Station"	"Lotic"	NA	NA	0.0888581569483574	0.0447328360661672	0.387984108464035	0.115289212341739	11	142.3833333	-15.95	3.54545454545455	1	0.334849191975866	0.229078728348153
"Kwando"	"Lotic"	NA	TRUE	0.104152461110354	0.0320583136651271	0.282013246968056	0.252350728553949	43	23.3347222222222	-18.0516666666666	6.41860465116279	1	0.23535813314306	0.472245024203653
"L1"	"Lotic"	NA	TRUE	0.0180434873108634	0.0419219241176525	0.0303762748355832	0.0709250291162448	10	-7.534361	37.877032	6.5	1	0.699101750808917	0.700139350130892
"L2"	"Lotic"	NA	TRUE	0.0154060377923179	0.0291254915903386	0.109304401572936	0.0337883700199122	10	-7.622378	37.822398	6.8	1	0.654042023575368	0.236129118499799
"LAM1"	"Lentic"	0.213016	NA	0.434015781208203	0.213904826710609	0.0389667646816866	0.0405811238440433	9	1.337336	43.506265	7.77777777777778	2	0.330140489585126	0.510147089962259
"LAS"	"Lotic"	NA	NA	0.0421523616664757	0.0180665773435981	0.0686347156357536	0.0699476796378332	4	171.7809185	-43.0017935	1.5	1	0.30001487307134	0.504737124075131
"LAV"	"Lentic"	0.182103	NA	0.208314796607105	0.111692748519964	0.124867036722056	0.199534048928652	13	1.265891	43.386392	7	1	0.349031609475374	0.615084405554352
"LHyere"	"Lotic"	NA	NA	0.209718706047299	0.122678461036448	0.0201691214689587	0.0913668265920042	5	-3.477854	48.363872	15.6	1	0.369071921138062	0.819169318774833
"LIN"	"Lentic"	0.043951	NA	0.247262336385444	0.214243198110815	0.0837187899695489	0.154016529328097	8	1.22705	43.343186	6.625	1	0.464226714734125	0.647848749538421
"LR02"	"Lotic"	NA	TRUE	0.0828798975484064	0.0420282823182282	0.00344962096594058	0.0250676383583592	5	-106.037882	41.030829	25.8	8	0.336473418819345	0.879033923747324
"LR03"	"Lotic"	NA	TRUE	0.0615631000481847	0.0333497683291682	0.0446462388467695	0.0347780404486145	7	-105.980393	41.138216	16	2	0.351372462968633	0.437876689057168
"LR04"	"Lotic"	NA	TRUE	0.0521274812359421	0.027677722604858	0.0801481136972254	0.074331446588745	11	-105.722747	41.227001	39.2727272727273	8	0.346816012901503	0.481173343911283
"LR05"	"Lotic"	NA	TRUE	0.047786541774062	0.0882554644612048	0.0670133443138203	0.0582869669642896	10	-105.605355	41.309678	37.4	5	0.648736863734416	0.465178149756699
"LR06"	"Lotic"	NA	TRUE	0.106627464292622	0.0383706514782225	0.0360050000558643	0.0872454932061919	13	-105.414398	41.927815	15.2307692307692	1	0.264628621373698	0.707871351238245
"LR07"	"Lotic"	NA	TRUE	0.155315700590723	0.0362081422942854	0.0606633944356015	0.0332023273382628	17	-105.123964	42.056708	23.5294117647059	1	0.189052922857364	0.353721536582352
"LR08"	"Lotic"	NA	TRUE	0.166794035649635	0.0477457533828547	0.0354873918955578	0.041361788379928	16	-104.852362	42.123592	13.9375	1	0.222549642647519	0.538220293718891
"LU1"	"Lotic"	NA	TRUE	0.0476338025735154	0.0192852473560513	0.070478705846408	0.188295236980524	4	-7.371537	38.609312	8.25	6	0.288187704044653	0.727643729981174
"LU2"	"Lotic"	NA	TRUE	0.153618310266103	0.0868212124888122	0.0441682384716291	0.08402087532799	9	-7.401047	38.634678	6.22222222222222	1	0.361093764843772	0.655444700704684
"Lac_de_Jouarres"	"Lentic"	NA	NA	0.0518848632641349	0.117592311971396	0.0368484958847578	0.236685550010142	11	2.701901	43.271909	6.45454545454545	1	0.693853386498637	0.865287351107598
"Lac_de_Laragou"	"Lentic"	0.45	NA	0.24395119411803	0.0638417348998318	0.207369632185252	0.0671162895555043	6	1.660645	43.693865	7.33333333333333	1	0.207417808796143	0.244516327576514
"Lac_de_Maury"	"Lentic"	1.66	NA	0.164999269191214	0.0637777805063305	0.0501444112740048	0.0624201385082155	9	2.685979	44.66035	6.77777777777778	1	0.278777004033614	0.554527501144724
"Lake Clean"	"Lentic"	1.6	NA	0.028204870208033	0.0894569658825283	0.11536576355718	0.498474524511402	5	-78.03	45.25	2.6	1	0.760288712592208	0.812058990262478
"Lake Dickie"	"Lentic"	2.08	NA	0.256904557529509	0.314964752135137	0.389994360365149	0.33223799280606	5	-77.75	44.78	4.2	1	0.550763516789942	0.460015383342016
"Lake Hapy Isle"	"Lentic"	5.36	NA	0.0536681279390833	0.0348320293900995	0.957616622078249	0.0969389782026487	6	-78.5	45.75	5	1	0.393581553313394	0.0919240087263559
"Lake Jozini"	"Lentic"	160	NA	1.5429686778478	0.0677955044343108	0.0908664665539975	0.106379172149063	5	32.065671	-27.420517	9.6	1	0.0420890315168662	0.539323317101117
"Lake Louise"	"Lentic"	4.89	NA	0.276854713761766	0.0748608295868465	0.110580497065404	0.807202237752008	8	-79.48	45.46	3.375	1	0.212844814517185	0.879513426358578
"Lake Lunz"	"Lentic"	0.68	NA	0.0793281672682784	0.0470800280880603	0.561682473643159	0.177164903833968	7	16.061	47.854	12	2	0.372444428585851	0.239785521657959
"Lake Mac Donald"	"Lentic"	1.38	NA	0.191203634189475	0.0840111174624005	0.730295821688434	0.143230497875846	5	-78.56	45.23	5.4	1	0.305256593108308	0.163968153755562
"Lake Michigan"	"Lentic"	58030	NA	0.097052808443526	0.108565546210976	0.083859316979354	0.107486985973385	16	-87	44	83	17	0.527995403880152	0.561740594486079
"Lake Nyamithi"	"Lentic"	1.834	NA	8.46898882482888	7.25341150896401	0.23949750697765	0.370766485022307	13	32.298722	-26.890897	11.7692307692308	1	0.461342502097082	0.607550977745272
"Lake Opeongo"	"Lentic"	58	NA	0.141550806117093	0.0480812809544593	0.0801279178746023	0.0963326105132199	17	-78.3620588235294	45.7	4.76470588235294	1	0.253550344232183	0.545915913282893
"Lake Source"	"Lentic"	2.71	NA	0.176991130662155	0.107163206579171	0.104647987478218	0.199536040583759	7	-78.65	45.33	4	1	0.377130286377293	0.655971458643134
"Lake Temagami"	"Lentic"	200	NA	0.209030266429828	0.0751266552369386	0.471864770319974	0.0733177809621141	11	-80.085952	46.943374	3.63636363636364	1	0.264384392948345	0.134482992512682
"Las Cañas"	"Lotic"	NA	NA	0.138367186853686	0.0818200897326876	0.137337297875102	0.153824312804267	32	-58.359482	-33.194559	4.9375	1	0.37159317741319	0.528312480636948
"Liambezi"	"Lentic"	NA	NA	0.0936733366485963	0.0578803095825949	0.34137051681706	0.311454927847788	32	24.37232	-17.910002	17.65625	1	0.381913012467545	0.477087604953395
"Lichia"	"Lotic"	NA	TRUE	0.0676078167526963	0.0223943421085724	0.136262041863283	0.0396457594992478	4	98.6276	15.1591	3.5	1	0.248820054895478	0.225378062781543
"Lods"	"Lotic"	NA	TRUE	0.747211211638911	0.419063476955474	0.353041353371759	0.0760476492118367	6	6.236964	47.048269	17.5	1	0.359317990053044	0.177230478418102
"Lou"	"Lentic"	0.074	NA	0.0667667425545591	0.0262731021282293	0.329685146579833	0.14822135168556	4	6.5290091	45.2906442	11.25	3	0.282385489978033	0.310147177792191
"Lough Corrib_Bobs"	"Lentic"	115	NA	0.0296646728005387	0.054982296670254	0.082119319886796	0.047201917722149	6	-9.39255	53.483827	31.8333333333333	1	0.649548318315466	0.364997417244668
"Lough Corrib_Far"	"Lentic"	115	NA	0.0443481211348881	0.0326420639228014	0.111012599305491	0.0799142035470306	10	-9.456833	53.4985	10.5	1	0.423976951066456	0.418559376436838
"Lough Corrib_GF"	"Lentic"	115	NA	0.0620626338403046	0.0180291597613717	0.0681333178732303	0.0606937161927662	6	-9.223841	53.465971	25.3333333333333	1	0.225106205649943	0.471125619190096
"Lough Corrib_IQ"	"Lentic"	115	NA	0.0408999841610351	0.0275933406028945	0.199426882967848	0.1359128256256	7	-9.224226	53.469081	7	1	0.402861748907623	0.405298931628688
"Lough Corrib_Maam"	"Lentic"	115	NA	0.0553015747381656	0.155432609378858	0.106829251127198	0.161830911964238	7	-9.507167	53.4925	35.2857142857143	3	0.737576630151965	0.602362888870727
"Lough Corrib_Moons"	"Lentic"	115	NA	0.0580993605191729	0.0598222797591726	0.0219347393797102	0.11623361960393	7	-9.346857	53.46176	35.1428571428571	2	0.507305356488991	0.841246291545612
"Lough Corrib_Rin"	"Lentic"	115	NA	0.0405154985776295	0.0314332746468412	0.0741145920546798	0.0731219614665702	9	-9.36378376767677	53.478601510101	27.4444444444444	1	0.436884094587318	0.496629129912477
"Lukulu"	"Lotic"	NA	NA	0.0933810311321479	0.112635655264383	0.0961373875059438	0.503626983624571	10	23.02037	-15.228763	3.1	1	0.546730739312967	0.839708071813717
"Luvuvhu River"	"Lotic"	NA	NA	0.133742068756523	0.0711663145251093	0.070311125203949	0.10243773738606	19	31.209444	-22.427917	10.5789473684211	1	0.347307969470903	0.592986465150738
"MB02"	"Lotic"	NA	TRUE	0.0917336328337188	0.0275444624419105	0.0142322753767935	0.0211833130299504	5	-106.416902	41.605678	7	3	0.230926410907723	0.598135284007215
"MB03"	"Lotic"	NA	TRUE	0.110120116893392	0.0216987860734206	0.0580960700604192	0.0253501881859352	6	-106.31846	41.724793	8.16666666666667	5	0.164610580008268	0.303790591917196
"MB04"	"Lotic"	NA	TRUE	0.185466280670975	0.027839937431884	0.0226455063118696	0.0586137484038131	7	-106.513402	42.00988	9.71428571428571	3	0.130516295678071	0.721317819230514
"Magnificent Creek"	"Lotic"	NA	NA	0.0781062405562118	0.0267967235707903	0.510638679928404	0.233918722631573	6	141.7616667	-15.48833333	2.5	1	0.255442959060228	0.314171508908919
"Manantali"	"Lentic"	477	NA	0.190023466229992	0.063887484614421	0.55355313383367	0.28048052960536	16	-10.42923	13.19664	16.75	1	0.251613742542238	0.336294015338463
"MangatawhiriRiver"	"Lotic"	NA	NA	0.0578969704979656	0.0239945618218706	0.289591142242686	0.45305953601003	10	175.0269068	-37.27087926	4.8	2	0.293004186661904	0.610057392091762
"MangawaraStream"	"Lotic"	NA	NA	0.0603836294800198	0.12557938100981	0.372267039866769	0.515180497639613	10	175.187003	-37.60963522	4.6	2	0.675292256664547	0.58051938381305
"Marianne_HP"	"Lotic"	NA	TRUE	0.0280230116333608	0.0323315215696426	0.041642746929968	0.209073761728559	4	-61.30125	10.780717	13.5	1	0.535693341557212	0.833905046170354
"Marrngaya"	"Lotic"	NA	NA	0.105617001103888	0.0413204562787123	0.335181720558854	0.233666456477735	16	125.704471	-18.115308	4.875	1	0.28121118341609	0.410771214377479
"Martha1"	"Lentic"	NA	NA	0.279503551263296	0.0260769740382338	0.262888748924535	0.0575520354776594	5	-122.2445833	47.85116667	7.4	2	0.0853358505503664	0.179602716879585
"Martha2"	"Lentic"	NA	NA	0.054683148655656	0.0121480598358302	0.0542336643924839	0.0666492625964073	4	-122.34605	48.16968333	7.25	1	0.181772260445923	0.551353811961653
"Mas_Chaban"	"Lentic"	1.35539	NA	0.16888703630475	0.0178725633834995	0.250845076042582	0.126733409431606	4	0.64829	45.80643	3	3	0.0956982313805207	0.33564785682226
"McLeod River"	"Lotic"	NA	NA	0.0925714146554785	0.077416861973286	0.0903369267510095	0.0862445134060392	4	145	-16.5	4	1	0.455424712272105	0.488412107916521
"Middle Fork"	"Lotic"	NA	TRUE	0.038336094345246	0.0729092501141965	0.0329226446697881	0.120232540480021	15	-108.2430721	33.22589282	24.0666666666667	1	0.655391472501373	0.785037348637039
"Millstream_Frome_River"	"Lotic"	NA	TRUE	0.0929479251845671	0.0643953172898416	0.0496963875197114	0.0982361178501923	6	-2.179381	50.678097	31.3333333333333	5	0.409266494557688	0.664060394330197
"Mink Creek"	"Lotic"	NA	NA	0.116789945141773	0.186640541741432	1.82062102997894	0.411100474996916	4	-154.314275	59.80525	11.75	3	0.615101480601297	0.18420778492313
"Mitchell River @ Cooktown Crossing"	"Lotic"	NA	NA	0.0227857039067127	0.047294252320897	0.197005289136929	0.0641869759915265	6	144.89	-16.566	4	3	0.674861327927946	0.245746082717875
"Mitchell River @ Gamboola"	"Lotic"	NA	NA	0.0737998815341968	0.0397143740393923	0.664272253520509	0.0708151888487499	7	143.6766667	-16.535	2.85714285714286	1	0.349862436561074	0.0963357347263417
"Mold"	"Lentic"	0.48	NA	0.159744423898308	0.0159200812755261	0.112973445553433	0.0418902866249774	4	-92.60611	50.09917	10.75	5	0.0906277637578061	0.270497721033339
"Mongu_Ground_0"	"Lentic"	NA	NA	0.052313783769629	0.011526661876386	0.187096042409202	0.091957584669952	11	23.02037	-15.228763	3.18181818181818	1	0.180554220130284	0.32953373741266
"Mongu_Nalusa"	"Lentic"	NA	NA	0.0399894044836295	0.0237924866780277	0.1365716089887	0.226042247457088	14	23.059019	-15.2536474319109	5.28571428571429	2	0.373028868299387	0.623369028620896
"Mongu_Pond_2"	"Lentic"	NA	NA	0.071577051457923	0.02378131910199	0.0976924470154417	0.151981190180158	7	23.081349	-15.261183	3.42857142857143	1	0.249388899604239	0.608719414221104
"Mongu_Pond_3"	"Lentic"	NA	NA	0.210298203296578	0.0196915931079679	0.036546953973426	0.019702069336594	4	23.085142	-15.261792	4	1	0.0856194205821676	0.350265092213331
"Mossy River Delta"	"Lotic"	NA	TRUE	0.218926590512301	0.049564947685081	0.0372187318572979	0.0210333441492286	11	-102.32251	54.07572	5.81818181818182	1	0.184605250570851	0.361074584652949
"Mposa"	"Lotic"	NA	NA	0.451106537565496	0.28544591985639	1.37399991140427	0.518946778364751	7	32.0141442142857	-28.6878284285714	5.71428571428571	2	0.387543231958686	0.274147592834785
"Mt Anderson CK"	"Lentic"	NA	NA	0.0116813701321505	0.0129969557405077	0.141869951925693	0.0533001736647834	8	123.92224	-18.048715	3	1	0.526654676965238	0.273095964372246
"Mudgimberri"	"Lotic"	0.08	NA	0.0918717198680632	0.0259727528045637	0.652537771396006	0.202291926436313	18	132.8761	-12.5905	3.44444444444444	1	0.220398566139935	0.236645880400839
"Muskoka Lake"	"Lentic"	120	NA	0.564090922643373	0.0407681530415636	0.287350369531828	0.0625193913636698	7	-79.45	45.03	4	1	0.0674010768465335	0.178693326349926
"Myroodah Crossing"	"Lotic"	NA	NA	0.0960141684394709	0.0238171339713622	0.530576819938489	0.336272000815759	13	124.227166	-18.077963	2.84615384615385	1	0.198755529583638	0.387924621646445
"Myroodah crossing"	"Lotic"	NA	NA	0.127616951557673	0.0685912274779047	0.433892357377732	0.28352834253496	5	124.227166	-18.077963	11.4	2	0.349583935873882	0.395205132176231
"NATH"	"Lotic"	NA	NA	0.0678195636616801	0.055252611151892	0.0646924511457133	0.0978032595127069	4	172.258912265152	-43.2111066075758	7.75	1	0.448944785737213	0.601882099634603
"NEW"	"Lentic"	0.0833	NA	0.319265026651445	0.07914064208587	0.111463753862625	0.0877248556515555	10	1.3920236	43.4906696	8.8	3	0.198643363526161	0.440411004753312
"Nashwaak River"	"Lotic"	NA	TRUE	0.30853245870194	0.0540556232854551	0.521242210163148	0.33523283828077	7	-66.6366496143462	46.237418711017	18.5714285714286	1	0.149082735949755	0.391409929442587
"Nicolet - site 11"	"Lotic"	NA	TRUE	0.0157785527167348	0.0430505139317511	0.0144376223524002	0.0981157301951775	4	-72.651916	46.24927	7.5	6	0.731789851247947	0.871726412180417
"Nicolet - site 9"	"Lotic"	NA	TRUE	0.0237723471471928	0.0108633058226968	0.0728227042217044	0.0752750919411857	5	-72.629703	46.230452	6.8	6	0.313645186136399	0.508279622597436
"Nicolet - site A"	"Lotic"	NA	TRUE	0.00779847743655179	0.0219644792442281	0.0050941529628927	0.0177705387251304	4	-72.6074	46.21854	8.5	6	0.737980419076179	0.777204388653047
"Nicolet - site C"	"Lotic"	NA	TRUE	0.0145196913909575	0.00663633243535621	0.0375476702355558	0.0266207079135935	7	-72.567	46.1888	5.57142857142857	5	0.31368524113222	0.414857110019485
"Nicolet - site GL"	"Lotic"	NA	TRUE	0.0128508480637848	0.0114213086318088	0.0136584168317628	0.0197805560765617	4	-72.624696	46.227356	6.75	6	0.470551866282332	0.591541975011959
"Nong"	"Lotic"	NA	TRUE	0.0481940453748398	0.0133129455987972	0.240540017204855	0.104575202580498	9	102.6081	12.3762	7	1	0.21644605577443	0.303015331069836
"Nseleni"	"Lotic"	NA	NA	0.120309550916785	0.084409596165456	0.112377164376823	0.135481769742337	9	32.00408	-28.681934	5	1	0.412319010549348	0.546608377155383
"Nurgardie"	"Lotic"	NA	NA	0.288195497278705	0.0287891020219085	0.342222296281382	0.199846395670875	5	125.069813	-18.509492	3.8	2	0.0908217688980095	0.368673562295452
"O1"	"Lotic"	NA	TRUE	0.0458381139583155	0.0428639499596579	0.0382055191571883	0.0601411523358966	9	-7.746774	37.641514	4.66666666666667	1	0.483235091342362	0.611521990758227
"O2"	"Lotic"	NA	TRUE	0.0639470815480862	0.0180039402653749	0.076953306885583	0.0929731020467499	8	-8.002733	37.52665	5.5	1	0.219691467744672	0.547137449857915
"OCD"	"Lentic"	0.01	NA	0.19946609641731	0.223382842378216	0.43225494398862	0.265124583718077	10	140.57383	-18.97382	5.6	1	0.528280484786166	0.380172593522967
"OD1"	"Lotic"	NA	TRUE	0.0210331927389009	0.0198296862014259	0.195167821332761	0.041241156949875	6	-7.65984	37.339588	8.5	1	0.485273840601973	0.174448353228656
"OD2"	"Lotic"	NA	TRUE	0.037890490643557	0.0276745383655946	0.328252329047972	0.0704958149391456	7	-7.753693	37.296121	8.71428571428571	1	0.422092978281635	0.176792835282572
"ODC1"	"Lotic"	NA	TRUE	0.101962545544585	0.0721331678842359	0.0181831254519959	0.0603164571779116	9	-7.682594	38.099753	8.88888888888889	1	0.414330522352163	0.768366597084705
"ODC2"	"Lotic"	NA	TRUE	0.110523768435416	0.0909514109005597	0.0121868746784557	0.0613583327744372	4	-7.798422	38.133528	4.75	1	0.451427372842245	0.834294101539361
"OKA"	"Lotic"	NA	NA	0.0207932570447428	0.057372993140921	0.170156834551158	0.0728761722317928	6	172.292301566342	-42.8997910298701	7.33333333333333	1	0.733986765447316	0.299861213077438
"OKU"	"Lotic"	NA	NA	0.0472689507491636	0.0119074981829654	0.0465846139814653	0.0095726846798885	4	171.722972268056	-43.2893450569444	6.25	2	0.201220221859247	0.17046198638604
"OTU"	"Lotic"	NA	NA	0.0574458266761363	0.164377085461257	0.102707640490504	0.534611305963479	4	172.336752711364	-43.2208396532468	9.25	5	0.741028435148506	0.838844206559423
"Old Koolatah Lagoon"	"Lentic"	NA	NA	0.0614664250973758	0.0514868824021209	0.183368742712776	0.088206086443602	18	142.0891	-15.3732	3.77777777777778	1	0.455824477759098	0.324794778358533
"Olifants River"	"Lotic"	NA	NA	0.192979897843602	0.0293123160389501	0.433599470967511	0.064321491174058	14	31.565528	-24.035194	10.7857142857143	1	0.131863889998582	0.129180123081
"One-Mile Waterhole"	"Lentic"	NA	NA	0.125179142466079	0.0445693698501826	0.284866917142025	0.0791032503736383	8	143.460015	-16.856533	1.625	1	0.262561180902396	0.217334434065215
"One-Mile Waterhole"	"Lotic"	NA	NA	0.174074785518889	0.0508508529307214	0.297559724215182	0.111500954483261	14	143.460015	-16.856533	2.64285714285714	1	0.226078508796201	0.272578031303417
"OpuatiaStream"	"Lotic"	NA	NA	0.046685586460053	0.0698986011577094	0.686927329546667	0.506460199930171	9	175.0577562	-37.41038284	4.77777777777778	3	0.599554730242507	0.424388714831129
"Ornans"	"Lotic"	NA	TRUE	0.398766621565998	0.166316222587412	0.536182473235415	0.0839426351835401	6	6.125469	47.103186	14.3333333333333	1	0.294321840254382	0.135364032263678
"PERC"	"Lotic"	NA	NA	0.0332838900836175	0.13137937151425	0.158335205528926	0.273048840204669	4	171.915978417063	-43.2802408940476	8.5	1	0.79786693303269	0.632959987521868
"POR"	"Lotic"	NA	NA	0.0332641624156927	0.014014070334896	0.124885731026288	0.128548328808404	4	171.726992	-43.244847	1.5	1	0.296416966531421	0.507225938345668
"POU"	"Lentic"	0.103909	NA	0.0652828616792074	0.169019649701477	0.213018370815245	0.237814654276382	9	1.258473	43.371928	6.33333333333333	1	0.721373615269796	0.527500518020055
"Padden"	"Lentic"	NA	NA	0.0940996803506841	0.0459669509816973	0.0260578156120842	0.108804641359229	5	-122.4529	48.7027	10.4	5	0.32817917118758	0.806782286210112
"Pakkok"	"Lotic"	NA	TRUE	0.0146958940097095	0.0237091848354799	0.150062299840755	0.0880866507219469	4	98.4728	14.6667	4.75	4	0.617345037385588	0.369880490818097
"Palm_Pool"	"Lotic"	NA	TRUE	0.0614568057864103	0.104715112117974	0.356325401253256	0.197094557844684	10	117.053611	-21.570423	3.8	2	0.630161301852622	0.35613922953907
"Palmer River @ Drumduff"	"Lotic"	NA	NA	0.036947010006484	0.0655515300828239	0.51069415274938	0.253381566539989	8	143.0333333	-16.03333333	3.75	2	0.639536231693723	0.331618398731015
"Palmer River @ Goldfields"	"Lotic"	NA	NA	0.152472119701185	0.0553866982727471	0.129462561892074	0.125578658561281	7	144.7833333	-16.1	2.42857142857143	1	0.26646306763706	0.492385734110179
"Paynton Ferry"	"Lotic"	NA	TRUE	0.417128353600916	0.143845432509774	0.0301572089483267	0.0204419372979055	9	-108.83887	53.03019	2.55555555555556	1	0.25642095240684	0.403997672182614
"Paysandú"	"Lotic"	NA	NA	0.11965935515119	0.118933437761604	0.256559077595166	0.347049071439336	25	-58.096143	-32.256664	3.2	1	0.498478752478806	0.574957564761935
"Petite_Leyre"	"Lotic"	NA	NA	0.187251742504034	0.156356659912214	0.00856175601670853	0.148299701207336	4	-0.576581	44.31796	25	6	0.455043179423776	0.945418357267459
"Pilok"	"Lotic"	NA	TRUE	0.00156153216566649	0.00885308620445449	0.186564413932653	0.0681150644464825	6	98.5366	14.5973	3.83333333333333	2	0.850063429098233	0.267454075530503
"Point of Entry"	"Lotic"	NA	TRUE	0.199736305154306	0.0641190605135337	0.0531383848998392	0.0534403489833893	12	-109.49512	53.40741	4	1	0.243008363128197	0.501416624464131
"Pont-Houarn_brook"	"Lotic"	NA	NA	0.0652912879873927	0.0282430837733333	0.0512800371139473	0.0437702038936538	4	-3.205026	48.093652	3.5	2	0.301954065031655	0.460495454084683
"Punta Gorda"	"Lotic"	NA	NA	0.304116183441041	0.206222009591225	0.313428333958964	0.26233617417862	34	-58.417368	-33.915836	3.23529411764706	1	0.404088920654595	0.455631027044711
"Quare_HP"	"Lotic"	NA	TRUE	0.21735595290338	0.226506666441875	0.180630539181078	0.0955271873686392	8	-61.19295	10.66495	9	2	0.510308047061942	0.345915316446672
"RKW"	"Lentic"	0.05	NA	0.134088228733648	0.0696061583441232	0.497870946971652	0.255295237736097	14	141.8482333	-20.24261667	4.21428571428571	1	0.34171858804115	0.338962692324217
"Removal Reach"	"Lotic"	NA	TRUE	0.0796628640152219	0.093468426405988	0.0585326147393134	0.193193545684321	15	-108.233482	33.21371854	53.2	1	0.539870211667627	0.767475042558915
"River Cam West"	"Lotic"	NA	TRUE	0.228464404005941	0.0406633620937419	0.0503440715348139	0.0472297045175721	8	0.185005	52.247102	12.625	1	0.151093150599261	0.484040962934704
"River Inney_Abbeyshrule"	"Lotic"	NA	TRUE	0.331124023616111	0.209285081992262	0.069882063353995	0.0745175406061531	8	-7.649627	53.592455	9.25	1	0.38727156855852	0.516050865532282
"River Inney_Ballinalack"	"Lotic"	NA	TRUE	0.19383795170471	0.0436890107464897	0.0731136478708609	0.0941447500509852	8	-7.473694	53.632396	15.5	2	0.18393284827808	0.562870093344884
"River Inney_Shrule Bridge"	"Lotic"	NA	TRUE	0.0223334273664047	0.0445249819948476	0.0839152581435576	0.0753194269127307	10	-7.796507	53.554986	12.1	1	0.66595933735528	0.473008923188474
"Riverside"	"Lotic"	NA	TRUE	0.0606170410913143	0.0802946758327183	0.0601003932985002	0.0297476510354118	11	-108.6033734	32.93654777	7.81818181818182	2	0.569822563981718	0.331088464484073
"Rondegat"	"Lotic"	NA	FALSE	0.0876492235452261	0.0208577052073678	0.000231854707290846	0.0164254136579947	4	19.0667	-32.3761	3	3	0.192224638989878	0.986080868591032
"Rope Swing"	"Lotic"	NA	NA	0.0674355165693719	0.0964407215888406	0.45526779981262	0.233840154848071	11	125.41054	-18.429777	6.63636363636364	1	0.588497287176759	0.339337477192831
"SDD"	"Lentic"	0.04	NA	0.0461726172503521	0.14130658407216	0.524240563883219	0.285462310205475	9	141.0884333	-20.0456	3.66666666666667	1	0.753718722265499	0.352551929035398
"STK6"	"Lotic"	NA	NA	0.633611955870718	0.103804454964489	0.102406445147035	0.0346341651006776	5	27.476121	-25.665378	6.4	2	0.140767758133995	0.252729209524632
"STK7"	"Lotic"	NA	NA	0.355757681663664	0.260503889703889	0.00652247793181265	0.0497713907241793	5	27.483532	-25.649644	4	1	0.422716427256371	0.884135198245637
"STW"	"Lentic"	0.05	NA	0.0462709163550531	0.0435037725576891	0.524481332070002	0.150565165118138	17	141.01127	-19.55353	5.17647058823529	1	0.484588396624501	0.223044139544916
"SW02"	"Lotic"	NA	TRUE	0.0657977218362288	0.0112196973539048	0.0123067213905944	0.0513030768357773	4	-108.879355	42.373322	14	10	0.145677399630941	0.806527897686489
"SW03"	"Lotic"	NA	TRUE	0.125507455596802	0.0142276060876108	0.0956678467380841	0.0621613305669834	7	-107.966105	42.571843	15.7142857142857	3	0.10181844066984	0.393851958353885
"SW04"	"Lotic"	NA	TRUE	0.0798552871333654	0.029334746184591	0.0523864776497018	0.0612905723274832	10	-107.1476	42.488328	13.2	2	0.268657727204548	0.539163994313577
"SWD"	"Lentic"	0.05	NA	0.0459661260996416	0.172202786811828	0.212974174500067	0.239125082222661	12	140.78655	-19.37131	7	1	0.789309459875734	0.528921644233794
"Saint John River"	"Lotic"	NA	TRUE	0.310527089400798	0.0554934278722034	0.203815955345019	0.187437266768379	10	-66.825887	45.959018	6.3	1	0.151612888495026	0.4790689409685
"Saint Point"	"Lentic"	5.2	NA	0.0915129770228027	0.129833194586904	0.206447791450577	0.196665308663281	6	6.31163	46.81519	10.8333333333333	3	0.586561735595929	0.487866329840766
"Salagou"	"Lentic"	7.26331	NA	0.0317849270468179	0.0409926111705652	0.231492883315862	0.0623783141660019	6	3.36826	43.65896	4.5	3	0.563259106788171	0.212264130341836
"Saltwater Creek"	"Lotic"	NA	NA	0.0709281855776508	0.0375459890973663	0.0591709294863813	0.0758888991796089	5	144.4166667	-17.81666667	2.8	2	0.346128368432875	0.561890977718371
"San Francisco"	"Lotic"	NA	TRUE	0.0422949637274493	0.0285895618858939	0.0239719221585837	0.0562404882175609	7	-108.9307902	33.43692027	47	1	0.403325854811283	0.70114447320345
"Sanabria"	"Lentic"	3.1875	NA	0.0656718617401319	0.0561717529356192	0.163430753648693	0.135668633811964	6	-6.7149	42.1235	11.3333333333333	1	0.461015155247182	0.453590476944087
"Sato"	"Lotic"	NA	TRUE	0.0190997355251099	0.0130947093538161	0.0562987150528354	0.111888130317312	8	102.5541	12.5581	7.875	4	0.406738162532745	0.665260889286956
"Scorff_river_Guemene"	"Lotic"	NA	NA	0.143164433399103	0.132224822293738	0.0142111817074957	0.0561076392577577	6	-3.206725	48.081327	13.5	3	0.480137912283755	0.797903583814099
"Selingue"	"Lentic"	409	NA	0.159077228737246	0.123898663670823	0.145858583123453	0.33817340596545	7	-8.27592	11.4497	19.4285714285714	1	0.43784176318509	0.698659207632117
"Selune_river_05"	"Lotic"	NA	NA	0.236812409633663	0.0351571338950754	0.0353505749097185	0.0232400230578426	6	-0.898053	48.590903	6.66666666666667	1	0.129268643241887	0.396651064573698
"Selune_river_10"	"Lotic"	NA	NA	0.322596960645145	0.0307444060623835	0.169499120738574	0.0666679583012912	5	-1.094053	48.58195	6.6	4	0.0870104917204092	0.282291497072026
"Senanga"	"Lotic"	NA	NA	0.0552347783381231	0.0515653421640561	0.352648183751694	0.160793140773151	17	23.259378	-16.164732	4.41176470588235	2	0.482821011077454	0.313167509300024
"Shoecraft"	"Lentic"	NA	NA	0.0220526998148252	0.0870615963514136	0.103456243165165	0.19506106967398	5	-122.3070729	48.12597691	6	5	0.797893579579826	0.653433021417717
"Shovel Waterhole"	"Lotic"	NA	NA	0.127695897888135	0.0315747165358894	0.209186419129202	0.0941191668375409	12	141.750016	-15.703217	4.66666666666667	2	0.198245713122123	0.310311353276101
"Silver"	"Lentic"	NA	NA	0.0376596832591923	0.037319277511223	0.161298043533534	0.0943044460361172	6	-122.2119833	47.89038333	8.66666666666667	4	0.497729991557154	0.368949638146695
"Site1"	"Lotic"	5493.4	TRUE	0.191190986326334	0.0207645257627837	1.13499794719838	0.138967991287298	4	136.170654	53.280345	4.5	2	0.0979664343621935	0.109082972385027
"Site1"	"Lotic"	NA	NA	0.101661613487484	0.0523082993953278	0.47838559118983	0.269457991595445	13	-91.49175	17.42311	3.38461538461538	1	0.339730655268606	0.3603133032069
"Site2"	"Lotic"	7865.8	TRUE	0.157077386233567	0.0474677802131578	1.04053255003599	0.143325429768374	4	136.027958	53.070903	9.75	2	0.232065030123903	0.121066405103811
"Site2"	"Lotic"	NA	TRUE	0.44297027839155	0.0521034479642262	0.0300058718748791	0.0614696127680169	4	12.9773242	57.6624444	29	3	0.105243815598453	0.671979088254993
"Site2"	"Lotic"	NA	NA	0.0867872743063399	0.040937839490175	0.342535573868188	0.190995112833043	16	-91.77311	17.74469	3.4375	1	0.320515192927485	0.35798336926775
"Site3"	"Lotic"	2372.4	TRUE	0.151727122382274	0.0377772667462651	1.21632923486735	0.0989758979204974	4	136.107849	53.294958	5.25	3	0.199347713897229	0.0752493816478261
"Site3"	"Lotic"	NA	TRUE	0.458694334676247	0.0605966164773301	0.0745453330531734	0.074756039460044	4	12.9898769	57.6714592	32	3	0.116691069510682	0.500705641225274
"Site3"	"Lotic"	NA	NA	0.131089723383379	0.0861464868157221	0.298236351665836	0.406351155449543	21	-92.07406	18.09524	3.14285714285714	1	0.396556756061833	0.576722055594155
"Site4"	"Lotic"	12531.2	TRUE	0.235320810162977	0.0359057398841411	0.462878919654621	0.205304342443102	5	136.225229	53.054355	20.4	4	0.132382835964633	0.307257535602674
"Site4"	"Lotic"	NA	TRUE	0.403560462522222	0.155815569475982	0.0515820023196774	0.0264704457431353	4	12.9971133	57.6766253	27.5	3	0.278552459459833	0.339136649779815
"Site4"	"Lotic"	NA	NA	0.303512899887606	0.0735161468648807	0.842511249906366	0.310638560124084	22	-92.63533	18.39681	3.18181818181818	1	0.194988018822706	0.269382657328696
"Slave River @ Delta"	"Lotic"	NA	TRUE	0.224932656834261	0.0382099770286165	0.108396191466146	0.0546760036440795	10	-113.53	61.27	9.6	1	0.145206333415845	0.335287101563343
"Slave River @ Smith"	"Lotic"	NA	TRUE	0.189211166770652	0.049208258926398	0.114475116001879	0.113766824900771	7	-111.89	60.03	9.57142857142857	2	0.206393664369131	0.498448376537838
"Smoke Lake Ont"	"Lentic"	6.78	NA	0.344851082357923	0.122148506676747	0.337289232706021	0.0261196193813183	7	-78.68	45.51	3.85714285714286	1	0.261560201646513	0.0718739217035937
"Soto2016_Ebro_Flix"	"Lotic"	NA	NA	0.0822435950956151	0.0819611813927152	0.0835485038257419	0.061099075958243	5	0.533333	41.233333	21.6	6	0.49914005637065	0.422399573152124
"Soto2019_Congo"	"Lotic"	NA	NA	0.143053214817638	0.0592311092053862	0.722897785579735	0.371884851304447	72	24.725265	0.598722	3.06944444444444	1	0.292811168099435	0.339688298640591
"Soto2019_Lobaye"	"Lotic"	NA	NA	0.16502457062271	0.0660023139305129	0.628650987610309	0.198364433942666	34	24.177021	0.495852	2.02941176470588	1	0.285691053048449	0.23985578596609
"Soto2019_Lomami"	"Lotic"	NA	NA	0.142677273115165	0.123743542179479	0.312237900622647	0.104069691551854	77	24.231292	0.736261	3.63636363636364	1	0.46446649464167	0.249982689501929
"Soto2019_Lubilu"	"Lotic"	NA	NA	0.0930658201148278	0.0869368939163635	0.230520982711743	0.297145112748472	65	24.59416667	0.76083333	4.29230769230769	1	0.482975461699421	0.56313095593021
"St. George"	"Lentic"	0.24	NA	0.442663225889341	0.494106552891678	0.452992917587243	0.123539746963734	9	148.572395	-28.071618	9.66666666666667	1	0.527457828042488	0.214280568231032
"Star"	"Lentic"	NA	NA	0.152271559501934	0.110539457704363	0.128509966907061	0.046420258734694	4	-122.28885	47.35466833	10	3	0.420604352433191	0.265364424955122
"Stechlinsee"	"Lentic"	4.3	NA	0.125260757375451	0.0350070346213046	0.0819540596835943	0.020752021765085	4	13.023303	53.152028	55	10	0.218428382803285	0.202052512104208
"Steel"	"Lentic"	NA	NA	0.0447072817627101	0.0716596183789404	0.0323998413065079	0.122329895732807	5	-122.3029	47.3269	4.4	1	0.615807573216361	0.790603655596756
"Stornoi"	"Lotic"	NA	TRUE	0.0260450934583338	0.0161667809697385	0.0666846629712223	0.0758976222539482	11	102.6385	12.5378	6.27272727272727	2	0.382991307275069	0.53230751726337
"Sunday"	"Lentic"	NA	NA	0.0639424219529546	0.0124347165307068	0.152365668111322	0.0101756747293693	4	-122.2576	48.2292	4.5	4	0.162806787182356	0.0626036093435166
"TAB"	"Lentic"	0.0286	NA	0.177045935264938	0.16279745302341	0.0813623044447574	0.0759072645626372	5	1.259427	43.551353	10.8	2	0.479036693470349	0.482657039386101
"TABASCOEL COMETA"	"Lotic"	NA	TRUE	0.247819398500739	0.0471087557414128	1.04311404503798	0.451263716585723	15	-92.4460112153846	18.4812216615385	4.2	1	0.159729598764362	0.301974325484746
"TABASCOEL COMETA lagoon"	"Lentic"	0.67	NA	0.027774439206788	0.0575985711154115	1.08888325377398	0.268661889593993	6	-92.45386	18.468174	2.33333333333333	1	0.674669557721267	0.197902729722463
"TABASCOEL VIENTO"	"Lotic"	NA	TRUE	0.338283976347766	0.00230924476259974	0.2447790535627	0.0950655536803555	12	-92.6668279444444	18.252107125	1.66666666666667	1	0.00678006671733333	0.279732417858745
"TABASCOEL VIENTO lagoon"	"Lentic"	0.88	NA	0.18213401690668	0.0425981671575038	0.244818236528239	0.093885634516083	11	-92.447487	18.291281	2.81818181818182	1	0.189550808376151	0.277190910828998
"TABASCOEL VIENTO lagoon"	"Lentic"	17.12	NA	0.165652851154788	0.052668108491444	0.48239510659805	0.204538357970941	34	-92.643252	18.237498	3.23529411764706	1	0.241241649802143	0.297755704912814
"TABASCOGUANAL"	"Lotic"	NA	TRUE	0.133418872335721	0.0557123095219104	0.418210998961004	0.129473000850503	25	-92.4432238	18.29768576	3.16	1	0.294569668389466	0.236400918951554
"TABASCOGUANAL lagoon"	"Lentic"	0.88	NA	0.177715574522282	0.0439003438395526	0.17823598719356	0.331117461523169	37	-92.447487	18.291281	5.16216216216216	1	0.198092015068503	0.650074054386772
"TABASCOSAN PEDRITO"	"Lotic"	NA	TRUE	0.1246451265514	0.0887585950778752	0.366239213741565	0.290797579989402	21	-92.6065803300493	18.3665197044335	3.76190476190476	1	0.415918684080246	0.442589490823056
"TABASCOSAN PEDRITO lagoon"	"Lentic"	13	NA	0.444548580678568	0.00937632212725752	0.487355627615258	1.67675670445974	10	-92.595814	18.370737	1.8	1	0.0206561086851593	0.774801141145954
"TABASCOSAN PEDRO"	"Lotic"	NA	TRUE	0.102652063494741	0.0486038093957242	0.0843783618585381	0.10647880551365	17	-92.141278	17.483247	4.76470588235294	1	0.321335023010456	0.557897861420143
"TABASCOTENOSIQUE"	"Lotic"	NA	TRUE	0.191444112909515	0.0890222727528986	0.561825481377684	0.413594352326255	30	-92.491749	17.422215	4.73333333333333	1	0.317407993626913	0.424016754668318
"TC1"	"Lotic"	NA	TRUE	0.0539019209531346	0.0373954618769202	0.0230650906638866	0.0575829157487552	6	-7.728025	37.806532	6.16666666666667	1	0.409600590046813	0.714002965604974
"TC2"	"Lotic"	NA	TRUE	0.00998269092331269	0.0317792990829743	0.0629898827956753	0.148307766526609	5	-8.015366	37.690464	8.2	1	0.760962278813585	0.70189028132727
"TFVT3_3_DRY"	"Lotic"	NA	TRUE	0.117848357062784	0.133941153987818	0.962444534905258	0.359901898840318	13	11.63756	-4.23981	4.84615384615385	1	0.531956845338566	0.272169145434066
"TFVT3_3_WET"	"Lotic"	NA	TRUE	0.104142704440076	0.0946447810331006	0.651406514794094	0.144453963357746	9	11.63756	-4.23981	5	1	0.476110358797569	0.181506642587906
"TFVT3_4_DRY"	"Lotic"	NA	TRUE	0.0625288994628694	0.107679079684652	0.519917377989221	0.379198017823009	10	15.33595	-4.23584	4.9	1	0.632632384356818	0.421745662001989
"TFVT3_4_WET"	"Lotic"	NA	TRUE	0.40705148346814	0.137534206942866	0.396417369747035	0.177442851438827	12	15.33595	-4.23584	4	1	0.252548330528235	0.309209185247494
"TFVT3_5_1_DRY"	"Lotic"	NA	TRUE	0.135501014770482	0.0795534227247307	0.899623142549159	0.369066102450921	13	11.52928	-4.17172	6.30769230769231	1	0.369922256203161	0.290903468997956
"TFVT3_5_1_WET"	"Lotic"	NA	TRUE	0.0725402674778625	0.0691064366409938	0.597384924259238	0.383458442520479	12	11.52928	-4.17172	7.25	1	0.487878889035119	0.390947683909451
"TFVT3_5_DRY"	"Lotic"	NA	TRUE	0.0888741517749262	0.0573328666052629	0.27214350039852	0.269808609404087	16	14.70042	-4.21243	6.8125	1	0.39213484578543	0.497845851181128
"TFVT3_5_WET"	"Lotic"	NA	TRUE	0.131755222665436	0.0542461978589088	0.381456811173239	0.358196747516146	16	14.70042	-4.21243	6.75	1	0.291643997696291	0.484276379540235
"TOPA"	"Lotic"	NA	NA	0.0993813324451889	0.0219076303692589	0.110593239383871	0.0643089650213335	5	172.293005222222	-43.3563019555556	5.4	1	0.18062344553786	0.367685274408239
"TR12"	"Lentic"	NA	TRUE	0.350134466787097	0.651217069527044	0.119258709582725	0.169724554428068	9	27.868554	37.420573	38.6666666666667	2	0.650338113949571	0.58731620673275
"TR2"	"Lentic"	6	NA	0.106069964368938	0.0352075525701684	0.182256926847199	0.106942997000973	5	30.177388	38.812859	10	10	0.249208460999096	0.369789160308067
"TR5"	"Lentic"	5.6	NA	0.382946843028771	0.172343069401384	0.376772771697616	0.250053178802063	11	26.200358	40.780834	7.90909090909091	2	0.310365928758091	0.398919634075027
"TR6"	"Lentic"	300	NA	0.479839330840935	0.174913679713106	0.176582495746102	0.10794276969072	12	29.693112	40.414397	9.5	1	0.267144521512161	0.379378504488869
"TR8"	"Lentic"	6.5	NA	1.00673588099543	0.123632720248577	0.112922255992489	0.0626932770942163	7	26.323628	40.833216	10.7142857142857	10	0.109373809669266	0.356991639590692
"TR9"	"Lentic"	4.5	NA	0.054095815446811	0.0533930969514326	0.0237358421381725	0.0644998006454065	5	30.791541	38.786808	15.2	5	0.496731204736844	0.730994852087258
"TSVT6_3_WET"	"Lotic"	NA	TRUE	0.0555061635879694	0.0466366837045687	0.494285130758205	0.263572690802512	12	11.64591	-4.2411	6.16666666666667	1	0.456582961418735	0.347786462452437
"Talwood"	"Lentic"	0.01	NA	0.243091656492345	0.103604556688788	0.280942999743224	0.147374073273794	7	149.489341	-28.497575	13.1428571428571	2	0.298833828434865	0.344077046090429
"Tate River @ Ootan"	"Lotic"	NA	NA	0.145950631199806	0.0260874707867424	0.0893932692845044	0.126042546359265	4	144.62	-17.475	3	2	0.151637750507048	0.585058459210333
"Ten Mile Lagoon"	"Lentic"	NA	NA	0.0576527444410372	0.0293316057613775	0.301470491208695	0.225049841529899	10	143.0416667	-16.34	2.4	1	0.337205551264362	0.427428586393512
"Tolerme"	"Lentic"	0.33643	NA	0.161095548117502	0.0342254574133054	0.0728073110613842	0.112564479047852	7	2.04672	44.82567	6.28571428571429	2	0.175226711127632	0.607236295131638
"Touch_Tournefeuille"	"Lotic"	NA	NA	0.112257974233851	0.0342350795412499	0.00266727441075589	0.0287526696017393	7	1.34424	43.57827	11.5714285714286	1	0.233697630426957	0.915108874487645
"Treur"	"Lotic"	NA	FALSE	0.0634102887827577	0.0582554513599165	0.0478773048693057	0.136012272960454	4	30.8393	-24.72	2	1	0.478815575293438	0.739641009379937
"Tularosa"	"Lotic"	NA	TRUE	0.0220856525392293	0.0360108003495312	0.0359059400363281	0.0376401787053569	6	-108.700877	33.73360418	4.66666666666667	3	0.619845077607104	0.511790144053148
"Turkey Lake"	"Lentic"	0.52	NA	0.134822996300591	0.0524714765148543	0.114921092291681	0.159502498739591	14	-84.422055	47.048763	24.4285714285714	1	0.280154965205824	0.581227357823675
"Turure_HP"	"Lotic"	NA	TRUE	0.0599652480326747	0.054870689883174	0.139689092029839	0.126424156348014	6	-61.169464	10.679603	10.1666666666667	1	0.477818101885344	0.475076521438365
"Twelve Mile Lagoon"	"Lentic"	NA	NA	0.0621831958130232	0.049402213956057	0.245427488924308	0.275882757213859	4	143.0316667	-16.29333333	2.75	2	0.442730049190948	0.529210310477458
"Uur"	"Lotic"	NA	NA	0.0228470350063279	0.0532285596066004	0.469712475708745	0.0381357167184105	5	101.887277502674	50.3183277201426	14.4	1	0.699679836581319	0.0750927487526315
"V1"	"Lotic"	NA	TRUE	0.123509077505684	0.0306314116412579	0.110129795099811	0.0998081264267826	8	-7.581794	37.515164	5.75	1	0.198723981030428	0.475417331471197
"V2"	"Lotic"	NA	TRUE	0.0295742340567534	0.053365953712684	0.0580867753872917	0.0413203467119405	5	-7.620071	37.489804	8.6	1	0.643426970059848	0.415667870061592
"V3"	"Lotic"	NA	TRUE	0.132101898162049	0.0659941337730419	0.106905982171975	0.107231880711087	10	-7.777062	37.473871	6.4	1	0.333142128736158	0.500760954963136
"V4"	"Lotic"	NA	TRUE	0.104930428559815	0.030175356114242	0.101032054623238	0.0424407690931294	9	-7.985228	37.396414	7.33333333333333	1	0.22334614455658	0.295810509571004
"Victoria Lake"	"Lentic"	12.9	NA	0.260555584635578	0.0785239260206573	0.223780552847363	0.026261692967735	13	-78.0303846153846	46.62	2.76923076923077	1	0.231579684271357	0.105029023724075
"Vigueirat_piscisud_pond"	"Lentic"	0.32	NA	0.131036031591798	0.048401542944253	0.0518753133190543	0.0782622088619393	10	4.749884	43.540458	12.9	1	0.269740287503321	0.601380812776604
"WHIS"	"Lotic"	NA	NA	0.142268360087759	0.0134068431864146	0.382586001921792	0.124528229384548	5	172.19738863453	-43.2460401849573	5.8	1	0.0861206081921894	0.245562482172429
"WRRR"	"Lotic"	NA	NA	0.0423359444064941	0.053932057054917	0.0665684729865166	0.0282790108651385	4	171.710672	-43.045993875	1.5	1	0.560228281840208	0.298152462424495
"WS"	"Lotic"	NA	NA	0.0657423123478439	0.0555646870890566	0.55707366171184	0.011928244076412	5	171.7893499	-43.0097336	1.4	1	0.458050131871899	0.0209634518884212
"WaahiStream"	"Lotic"	NA	NA	0.173761456204503	0.226495854180184	0.0597644058900176	0.380409112231555	9	175.1546049	-37.54834324	3.33333333333333	1	0.565875621265978	0.864225348800944
"WaikatoRiverUpstreamofHamilton"	"Lotic"	NA	NA	0.0912950299969816	0.0377105554021952	0.0639668811799643	0.130269547825713	8	175.3482871	-37.84443446	2.625	1	0.292317230184329	0.670675158581635
"WaikatoRiverUpstreamofMangatawhiriConfluence"	"Lotic"	NA	NA	0.018046961468536	0.0515894850877612	0.258386233155116	0.102102872068431	6	175.0275142	-37.27142858	4.5	1	0.740840287507404	0.283234279729798
"WaikatoRiverUpstreamofMangawaraConfluence"	"Lotic"	NA	NA	0.0509886890583411	0.0533154991312476	0.161664841520029	0.438391808679735	8	175.185183	-37.61216598	4.125	1	0.511153962814404	0.730584034913688
"WaikatoRiverUpstreamofWaahiConfluence"	"Lotic"	NA	NA	0.0120844996361231	0.119627734546183	0.130122133971266	0.149546762796691	6	175.1553642	-37.54936264	3.33333333333333	1	0.908250742908236	0.534727903334816
"WaikatoRiverUpstreamofWaipaConfluence"	"Lotic"	NA	NA	0.0509928178995707	0.0232383478493159	0.107728765675525	0.137047966485529	9	175.1517399	-37.6639309	3.77777777777778	1	0.313053791017211	0.559889680998586
"WaikatoRiverUpstreamofWhangamarinoConfluence"	"Lotic"	NA	NA	0.028607110791484	0.0638109076601002	0.160786141525107	0.511884673233102	6	175.0585894	-37.2947662	4.83333333333333	2	0.690459595750036	0.76097351334783
"WaikatoRiverUpstreamofWhangapeConfluence"	"Lotic"	NA	NA	0.0569733452384268	0.11615009555477	0.190112640903508	0.0876243088259727	7	175.0796365	-37.42771665	3.85714285714286	1	0.670909121391113	0.31549388337173
"WaikatoRiveratTuakau"	"Lotic"	NA	NA	0.0998397550670077	0.0712079328000488	0.0511193174982547	0.565827231027154	8	174.9474838	-37.3007591	2.625	1	0.416304562125352	0.917141415864247
"WaikatoRiveratfHoodsLanding"	"Lotic"	NA	NA	0.0246794618212851	0.16240219978854	0.101924238860068	0.06564692347139	8	174.7633466	-37.3252818	2.5	1	0.868081876069947	0.391755493952709
"WaipaRiver"	"Lotic"	NA	NA	0.0459838363530412	0.0482751465965824	0.221601902267544	0.0760827579914899	6	175.1432717	-37.66701269	4	1	0.512154333580948	0.255581721695991
"Walsh"	"Lentic"	NA	NA	0.150937922611656	0.136636465693555	0.06042643378623	0.261072128196685	4	-121.9284	47.41	15	2	0.475134334802231	0.812047576780635
"Walsh River @ Nullinga"	"Lotic"	NA	NA	0.190830331304668	0.203921553956939	0.995971689468234	0.780068860121528	8	145.3033333	-17.17333333	2.375	1	0.516581583446517	0.439217933566726
"Walsh River @ Rookwood"	"Lotic"	NA	NA	0.0299184527303761	0.0133681285531995	0.00660772452604548	0.0639254516944806	5	144.2866667	-16.98166667	2.8	2	0.308828467317003	0.906317496529774
"West Fork"	"Lotic"	NA	TRUE	0.0601706571465756	0.0190312066921592	0.103251728675655	0.127600012563724	11	-108.262416	33.22924111	9.27272727272727	1	0.240287359031211	0.552735759664083
"WhangamarinoRiver"	"Lotic"	NA	NA	0.039268309046995	0.101516860558426	1.14678741142495	0.476219868824652	8	175.0616176	-37.29415376	4.75	2	0.721076380722114	0.29341819634439
"WhangapeStream"	"Lotic"	NA	NA	0.0873091180498313	0.158749279328535	0.378905498786157	0.539513036070434	9	175.0776934	-37.42772931	4.77777777777778	1	0.645169118469161	0.587437007850324
"Wright's Creek"	"Lotic"	NA	TRUE	0.0690082748999645	0.0510316615082894	0.648174075328689	0.292483034201313	5	145.61667	-17.26667	3.8	1	0.425122363733446	0.310934804232173
"Wyenbah"	"Lentic"	0.39	NA	0.323084954488389	0.142252883622356	0.596257550996254	0.120683027929273	9	148.321851	-28.383664	9.55555555555556	1	0.305698079915223	0.168330586211398
"X1"	"Lotic"	NA	TRUE	0.0235425634940854	0.0919305326351427	0.278409506426818	0.164028473617431	6	-7.018103	39.080263	7	1	0.796120791047826	0.370737777984218
"XCWS"	"Lotic"	NA	NA	0.0154087953309382	0.00196069932811036	0.124065123275468	0.0239147764184495	4	171.72549175	-43.011728875	1.5	1	0.112881771553955	0.161608275636859
"Yeerra"	"Lotic"	NA	NA	0.196304821651763	0.173430567856581	0.279735044156923	0.249783618252124	15	123.673626	-17.787452	6.66666666666667	1	0.469066723872985	0.471718252791568
"Zambezi"	"Lotic"	NA	TRUE	0.0552985372362638	0.0208383662302438	0.186978741234539	0.151131183482088	51	24.5227777777777	-17.5413888888888	5.35294117647059	1	0.273696003928116	0.446988308931636
"a0"	"Lotic"	NA	NA	0.0835202015017538	0.128543591370468	0.135907270595736	0.21014546496714	15	112.355525	22.518806	2.73333333333333	1	0.606155297089878	0.607264279027662
"a1"	"Lotic"	NA	NA	0.0456182074723402	0.0487151084641461	0.157747957027208	0.0737568136568316	17	112.352614	22.509437	4.52941176470588	1	0.516414672595051	0.318597381120477
"a2"	"Lotic"	NA	NA	0.0531393445436295	0.0135647831078089	0.0844357057552628	0.0600170931559038	12	112.34733	22.497802	4.33333333333333	1	0.203357477046871	0.415478921892072
"a3"	"Lotic"	NA	NA	0.0265622071742293	0.0158885287060493	0.164479429987323	0.130260462559919	17	112.3282	22.487674	4.05882352941176	1	0.374281584914307	0.441950566766391
"a4"	"Lotic"	NA	NA	0.0457659379349662	0.00461195305679529	0.16531231049761	0.0586317571473451	9	112.320093	22.487514	5.22222222222222	2	0.0915471641627377	0.261814290344592
"a5"	"Lotic"	NA	NA	0.0370036030983244	0.0142223881159685	0.121575931625487	0.0790894490850977	13	112.308298	22.488044	4.53846153846154	1	0.27764007643058	0.394135992990076
"a6"	"Lotic"	NA	NA	0.0544818218390149	0.0133589140236039	0.310150130392793	0.105687311600799	9	112.290174	22.492625	4	1	0.196915818405278	0.254155352375478
"a9"	"Lotic"	NA	NA	0.0742926818995612	0.037813494136401	0.354177477639763	0.159718030190766	4	112.273781	22.488935	6	5	0.337300722167804	0.310798650225674
"arroyonegro"	"Lotic"	NA	NA	0.0623043608771345	0.0511218264886466	0.0579077956376714	0.20672557756345	8	-93.87005	16.86756667	3.875	1	0.450705676316061	0.781177275801638
"at"	"Lotic"	NA	NA	0.0913315710671288	0.186881104500064	0.113769323099075	0.320421491261639	4	-81.0836	42.8638	12.75	1	0.671720309360704	0.737973906088768
"bi-01"	"Lotic"	NA	NA	0.145109358559496	0.0405947994000478	0.260264201958412	0.0790356417864177	17	-44.591878	-18.35853	3.76470588235294	1	0.218599302493224	0.232937454123487
"bisbal-up"	"Lotic"	NA	TRUE	0.00513212372511301	0.0679253838861771	0.0445981677979486	0.106364030530006	4	0.721693184	41.27572241	3	1	0.929752274709137	0.70457393776777
"bittern"	"Lotic"	NA	TRUE	0.127961510228937	0.103576271189286	0.189913591726904	0.274721726626671	5	170.889218	-42.810011	5.4	3	0.447340691246402	0.591263117061659
"boggy"	"Lotic"	NA	TRUE	0.183893357420758	0.232114545167786	0.188166914365669	0.569342120396695	4	172.369426	-43.766727	5.5	4	0.557957057362346	0.751597795233296
"bojanovicky"	"Lentic"	0.23	NA	0.217553510808047	0.796551507803101	0.0911967617310451	0.0951095570185947	4	17.0639633	48.8660933	7	1	0.785472404913257	0.510500973111942
"bom fim"	"Lentic"	1.93	NA	0.181602362772903	0.0197989973545498	0.485701728080589	0.0889206432503099	11	-67.8761	-6.00551	2.90909090909091	1	0.0983061750030901	0.154746225846304
"briere_canal_breca"	"Lentic"	NA	NA	0.0701194150218653	0.0390253233374581	0.0708343628688262	0.078169422156955	11	-2.295578	47.360951	18.9090909090909	7	0.357555700110618	0.524613667655689
"briere_canal_brivet"	"Lentic"	NA	NA	0.0945971101796066	0.121845949260867	0.120553803577894	0.0590510326669404	13	-2.233724	47.351064	17.1538461538462	4	0.562946899641184	0.328783087925556
"briere_prairie"	"Lentic"	NA	NA	0.0505312709968135	0.060980945780787	0.0316882491077283	0.0747191962480045	9	-2.26535	47.362775	15.5555555555556	2	0.546854394459821	0.70219894856238
"briere_roseliere"	"Lentic"	NA	NA	0.0333340801669496	0.065555975868879	0.0364978059361131	0.0666933383717526	10	-2.209878	47.359318	17.2	3	0.662917774514432	0.64630873917607
"brisbane_01"	"Lotic"	NA	NA	0.0180140675996032	0.0453748564855148	0.0173236927731282	0.0797587508966889	12	152.237887	-26.758734	4	1	0.715816795132631	0.821556894137862
"brisbane_02"	"Lotic"	NA	NA	0.065759484105086	0.0266601329304691	0.0715287688730106	0.280923108992865	9	152.270016	-26.787199	4.55555555555556	1	0.288468333732789	0.797053801199406
"brisbane_03"	"Lotic"	NA	NA	0.146649841521213	0.0773721933927937	0.095286671383443	0.16729341952012	14	152.403981	-27.041002	4.14285714285714	2	0.34537760279918	0.637113876168019
"brisbane_04"	"Lotic"	NA	NA	0.593386630715133	0.309207176643155	0.349295191217687	0.238991703952001	23	152.640734	-27.430624	4.43478260869565	1	0.342576222130465	0.406250259719053
"brisbane_05"	"Lotic"	NA	NA	0.238596402593628	0.045072105187899	0.170818519850512	0.135558616764603	20	152.670211	-27.443221	3.2	1	0.158890056356246	0.442456699812095
"brisbane_06"	"Lotic"	NA	NA	0.502556205712355	0.144490136459197	0.21772004501019	0.307078531980295	23	152.746836	-27.566096	4.78260869565217	1	0.223307245620574	0.585135984440489
"bueno02"	"Lotic"	NA	NA	1.14432659922425	0.133129867498455	0.663909560414365	0.130308376832013	7	-73.123486	-40.674423	5.28571428571429	1	0.104214797894443	0.164071309298054
"bueno05"	"Lotic"	NA	NA	0.0109614164523914	0.0144432604186085	0.441629487097629	0.0343918690170392	5	-72.618789	-40.252681	5.8	1	0.568527617648854	0.0722485841764514
"bueno06"	"Lotic"	NA	NA	0.775571797311571	0.0799015087208494	0.439679098123998	0.289964873894553	7	-73.091798	-40.323583	4.85714285714286	1	0.0934003529478001	0.397405974714447
"bw"	"Lotic"	NA	NA	0.223179510813418	0.00890403293868741	0.143029440937345	0.0250478383217199	4	-80.475411	42.6698465	3.25	2	0.0383656367648284	0.149025724548483
"caro"	"Lentic"	13.558	NA	0.0175457455148845	0.0537236027122763	0.0913123163777463	0.408232956136419	5	-72.54897976	-45.80411086	6.4	1	0.753810776282674	0.817209127176442
"cass"	"Lotic"	NA	TRUE	0.00664048953245304	0.0110250183035857	0.161573505770618	0.0762921707521177	4	171.7485	-43.026583	4.5	1	0.624098577064055	0.320736357878122
"centla"	"Lentic"	NA	NA	0.139584500278769	0.0746327544907752	0.185905837097838	0.114349944237279	12	-92.6111	18.39118333	3.5	1	0.348397492868002	0.380841773400036
"chancala"	"Lotic"	NA	NA	0.102513594478948	0.0420540925152229	0.217793825605051	0.159076029658818	7	-91.7968	17.37531667	3.57142857142857	1	0.290895520220355	0.422098046412971
"cotugno"	"Lentic"	18.5	NA	0.0815488827758358	0.050952543103924	0.206706829112019	0.15270915442187	7	16.3505	40.18097	25.2857142857143	8	0.384543356915733	0.424881367045467
"cp-01"	"Lotic"	NA	NA	0.318222629917529	0.0358733194293941	0.37379809281398	0.161112525342174	17	-43.654731	-19.333631	4.58823529411765	1	0.101309601241011	0.301195227527043
"cp-02"	"Lotic"	NA	NA	0.528836648492358	0.594322754390077	0.171417987430334	0.221773113764431	16	-43.99679	-18.685274	4.0625	1	0.529152632177435	0.564033908932688
"cruces01"	"Lotic"	NA	NA	0.662637799551172	0.182903256737875	0.618474156674903	0.451835991162689	7	-72.629482	-39.373922	5.42857142857143	1	0.216315051028521	0.422154262552362
"cruces02"	"Lotic"	NA	NA	0.338209555860315	0.0608332462120169	0.0459908222620775	0.113540758707759	8	-72.978841	-39.551033	5.25	1	0.152447922619063	0.71171336745686
"cruces03"	"Lotic"	NA	NA	1.27756069034316	0.104469252664688	0.251015254998012	0.348021204315131	5	-73.261317	-39.757643	6.4	1	0.0755911644268148	0.580968318212507
"cu-01"	"Lotic"	NA	NA	0.0709118299113701	0.0681091800805955	0.121115046949085	0.123074335560802	12	-44.179852	-17.992629	6.33333333333333	1	0.489920049383412	0.504011821872799
"damiao"	"Lentic"	0.3	NA	0.128929448755194	0.00898719755230761	0.932455478874093	0.153535675397212	12	-67.76931944	-5.686741667	1.83333333333333	1	0.065163979787252	0.141378384891389
"de"	"Lotic"	NA	NA	0.0935398191861124	0.0104968103812901	0.0684006157327062	0.0202451689381782	5	-80.4676	42.65916	4.8	3	0.1008953329701	0.228382759691761
"drylow"	"Lotic"	NA	TRUE	0.0254556214524416	0.0168023111298969	0.0782781051642607	0.101359744949335	4	171.712583	-43.257278	5	2	0.397613184155615	0.564244923245514
"ebog1"	"Lotic"	NA	TRUE	0.0105266230968434	0.0119816780832765	0.172249357272343	0.000894256246350417	4	172.3111904	-43.73040253	1.5	1	0.532322630099651	0.00516482374473413
"ep1"	"Lotic"	NA	NA	0.0937492802444473	0.0727830544915413	0.0199565640069573	0.0102730906465452	6	-81.098333	42.875	6.16666666666667	2	0.437050586043411	0.339834866269469
"ep2"	"Lotic"	NA	NA	0.0928374559320077	0.0117642078289388	0.0473155790040253	0.00610472271514684	6	-81.1202777	42.8258333	6.5	3	0.112466737200513	0.114277203959631
"fp"	"Lotic"	NA	NA	0.0214965113032324	0.0672043526476673	0.0539459851134288	0.027545488144582	4	-80.926111	42.995833	2.75	1	0.757651613008733	0.338016813825049
"frosty"	"Lotic"	NA	TRUE	0.15084428081673	0.0448977441136539	0.154302548083002	0.138032880920129	7	170.941637	-42.805762	4	1	0.229372022332056	0.472172946641547
"gf"	"Lotic"	NA	NA	0.127511508872815	0.0140064201397109	0.00462761932933704	0.0115907524763282	4	-81.06	42.75055	1.75	1	0.0989727608186744	0.714668069964917
"ghost"	"Lotic"	NA	TRUE	0.0213064185190675	0.0506477567510085	0.0394342295953398	0.164763940061486	4	171.741006	-43.238817	3.5	1	0.703889059403502	0.806882551094298
"halswell"	"Lotic"	NA	TRUE	0.027051895514372	0.0782182203071467	0.909948173760618	0.447666957912323	7	172.550439	-43.596176	3.85714285714286	2	0.743023978806697	0.329745115142227
"hrhov"	"Lentic"	NA	NA	0.176099037917954	0.0641336608294558	0.0376560054720336	0.0655032868528319	8	20.7561089666667	48.5948272515151	5.375	1	0.266964743616724	0.634972239306871
"ht"	"Lotic"	NA	NA	0.0598345496880664	0.0464937841123538	0.0384975203465311	0.03772090482153	4	-80.82142	42.853727	5.75	3	0.437266177796252	0.494905329496846
"imperial01"	"Lotic"	NA	NA	0.3401679028623	0.0460377182795493	0.587824187390612	0.0604867801161183	7	-72.433866	-38.63686	5.28571428571429	2	0.119205199922867	0.093299023381847
"imperial03"	"Lotic"	NA	NA	0.244575226780264	0.042236714431935	0.0578683723848473	0.0889893850515809	7	-72.938739	-38.781169	6.85714285714286	2	0.14726274733689	0.605956311774015
"inacovce"	"Lentic"	NA	NA	0.279675652093267	0.137449117464535	0.349907372197278	0.0878285258066157	10	22.06486	48.683137	6.3	1	0.3295155970005	0.200642730484568
"jb-01"	"Lotic"	NA	NA	0.0924711589169867	0.0454948756255619	0.249558060423088	0.0557581341872544	17	-43.904997	-19.464286	5.23529411764706	1	0.329754173020979	0.182624227510812
"je-01"	"Lotic"	NA	NA	2.17926091526192	2.20014423892155	0.079008980993664	0.0397082424861313	15	-44.051407	-19.244742	5.13333333333333	1	0.502384264862968	0.334477519960609
"jw"	"Lotic"	NA	NA	0.243887928603207	0.050356681222561	0.0420031282508655	0.0435300499931206	5	-81.0625	42.75722	6.6	3	0.17113884007044	0.508925903220265
"kaituna"	"Lotic"	NA	TRUE	0.0736330902133883	0.0320089579067901	0.0875652833720358	0.0443214412487595	8	172.683067	-43.753397	3.75	1	0.302994484453545	0.336056880449445
"kc"	"Lotic"	NA	NA	0.180816650932962	0.120258963979506	0.0100369611383214	0.00820926951097359	6	-81.1471	42.82718	6.66666666666667	3	0.39943109977362	0.449915912429331
"komarovsky"	"Lentic"	0.2	NA	0.08641501945898	0.349555813879761	0.049427973020684	0.212247128155239	5	17.0663667	48.8596561	8.8	2	0.801787154436	0.811109376480364
"l2"	"Lotic"	NA	TRUE	0.0426362423143624	0.020585055466095	1.8674833512164	0.0875712737566995	7	172.496687	-43.648706	3.71428571428571	1	0.325603177865453	0.0447922388653996
"laventa"	"Lotic"	NA	NA	0.089678641719264	0.0396577568985676	0.347365466332631	0.163639000545318	9	-93.5263	16.76066667	3.44444444444444	1	0.306624873758469	0.320230078506148
"marari grande"	"Lentic"	2.64	NA	0.147524488950644	0.0213299334868496	0.31280899859746	0.101613257629625	9	-67.7664	-5.94104	3.66666666666667	1	0.126321438188837	0.24519256893854
"mary_07"	"Lotic"	NA	NA	0.0968258995049718	0.0343052782095531	0.0374199851994146	0.0725531450980816	11	152.71395	-26.727109	4.18181818181818	1	0.261610387456722	0.659735199878487
"mary_08"	"Lotic"	NA	NA	0.110490357101037	0.124107495073543	0.506148638198314	0.210805522200921	11	152.691161	-26.623691	4.54545454545455	1	0.529022298896351	0.294029289241496
"mary_09"	"Lotic"	NA	NA	0.110430076808025	0.180314877194082	0.129844252311914	0.126334995475008	12	152.75567	-26.546773	3.58333333333333	1	0.620182310000728	0.493150778474014
"mary_10"	"Lotic"	NA	NA	0.203836756852654	0.338032947435127	0.137399124575873	0.155679392065582	15	152.621923	-26.19149	3.8	2	0.623826991544819	0.531186638480351
"mary_11"	"Lotic"	NA	NA	0.0974938545956662	0.109035968148326	0.237363430147891	0.181652737089131	12	152.489392	-25.827127	3.66666666666667	1	0.527942970655058	0.433522024429136
"mary_12"	"Lotic"	NA	NA	0.32809595655709	0.195747685642577	0.173855821241331	0.132899675647158	21	152.524866	-25.732803	3.80952380952381	1	0.373675787722869	0.433243012742064
"miranda"	"Lotic"	NA	NA	0.103050374763612	0.0260865095229097	0.143144531920076	0.0636348972304463	11	-90.89333333	16.16863333	3	1	0.202006651058967	0.307742880865215
"mirror"	"Lotic"	NA	TRUE	0.114736262417246	0.056887638204759	0.0546753356511653	0.176299254818762	4	170.904754	-42.820944	6	5	0.331466876108659	0.763284197019568
"mkiw1"	"Lotic"	NA	NA	0.104066678113622	0.0939165606656311	0.0841066723321914	0.058707087146767	6	171.7860506	-41.70557231	8	4	0.474366220315984	0.411074446614625
"mwanzagulf"	"Lentic"	500	NA	0.49692122904467	0.0449000130493432	0.174785802766175	0.380858864590497	15	32.8470504966684	-2.50787733223603	56.7333333333333	1	0.0828686835455456	0.685436011475337
"nonasp-do"	"Lotic"	NA	TRUE	0.441964142923329	0.472540161357037	0.0779042034339917	0.0472789800062639	5	0.258088278	41.20893034	2.8	2	0.516717263270712	0.377678364672904
"nonasp-up"	"Lotic"	NA	TRUE	0.154256521184673	0.29688837394993	0.00460033678914358	0.133910863459473	4	0.2611005047	41.20448079	2.5	2	0.658077653436266	0.966787257774921
"northwest_miramichi"	"Lotic"	NA	NA	0.174686011360821	0.093253266604627	0.264271830474955	0.282561218953367	17	-65.652223	46.962445	35.1176470588235	1	0.348038806824927	0.516723009424478
"ogilvie"	"Lotic"	NA	TRUE	0.142487745926608	0.0912159446918852	0.0520453248802058	0.177947911946758	4	170.898391	-42.816237	4.5	3	0.390305965859947	0.773709324681741
"okana"	"Lotic"	NA	TRUE	0.069648927914259	0.0336643036726202	0.0426059310124859	0.107818167171966	7	172.796917	-43.764749	4.57142857142857	1	0.325846971927414	0.716761266800204
"okuti"	"Lotic"	NA	TRUE	0.0426789394725062	0.0997806764082509	0.0701904694862618	0.23493152264944	4	172.795377	-43.787384	5	4	0.700413768430839	0.769959323498894
"on-01"	"Lotic"	NA	NA	0.0696322157826016	0.0692929024607627	0.064278015193716	0.0474151318654064	13	-44.254402	-19.046679	5.07692307692308	1	0.498778790595504	0.42451245321531
"perin"	"Lentic"	NA	NA	0.0182512658594033	0.294505879956883	0.0829242404055066	0.226146819889505	4	21.1433714299242	48.5389079583333	9.75	4	0.941643968479863	0.731698463368409
"pf"	"Lotic"	NA	NA	0.0630198743410919	0.0212235701385626	0.0306851825877368	0.00896072587634017	5	-80.995833	42.841388	7.2	3	0.251931414600317	0.226018931675117
"pg-01"	"Lotic"	NA	NA	1.43905214137317	0.545137788272333	0.367967229712444	0.345244053696482	13	-44.217539	-18.228655	5.30769230769231	1	0.274740729265634	0.484069814552462
"porter"	"Lotic"	NA	TRUE	0.0154177597606424	0.00618240895750689	0.459646854407035	0.0526973655962044	5	171.728333	-43.244167	3.4	1	0.286220401246782	0.102855392017248
"pp-01"	"Lotic"	NA	NA	1.03059374223174	0.47564991376343	0.358166831777411	0.198257721040773	13	-44.156156	-18.297749	4.38461538461539	1	0.315785505134075	0.356306564900192
"puca"	"Lentic"	0.89	NA	0.24454856078907	0.0479438370129171	0.466024817558727	0.0807385982787607	15	-67.5611332066667	-5.592255556	2	1	0.163914814105269	0.147666423795184
"pupunha"	"Lentic"	3.31	NA	0.0961409942547023	0.0613045049598387	0.797481604784762	0.0990342633885296	20	-67.7675	-5.6111	2.1	1	0.389369688340871	0.110465711655855
"pvtf"	"Lotic"	NA	NA	0.190577439228598	0.199989414486538	0.0230565200685214	0.0134756052380038	4	-81.05527	42.7097	8.25	3	0.512049121896048	0.368870004822765
"ressaca do xibua"	"Lentic"	0.28	NA	0.113542924006952	0.0473795909046732	0.3998372561186	0.361487758030347	20	-67.8653	-5.90524	1.85	1	0.294424872310086	0.474813977358197
"rm-01"	"Lotic"	NA	NA	1.22219858314895	0.573779447772408	0.216320377972039	0.0920219153134752	13	-43.993783	-19.676624	5.38461538461539	1	0.319480215177271	0.298440782589193
"roadmarker"	"Lotic"	NA	TRUE	0.0544622033141545	0.0785957823824582	0.179402423408812	0.334894588416816	4	171.724719	-43.245739	4	3	0.590688202372652	0.65116961739292
"rv-01"	"Lotic"	NA	NA	0.0127890980559129	0.0248066210797899	0.10685913680955	0.0749056985174321	7	-43.567074	-20.31188	9.14285714285714	5	0.659825683617055	0.412102254997134
"rv-02"	"Lotic"	NA	NA	0.0358602336284848	0.107589335318201	0.199314169491233	0.146601044218511	18	-43.829288	-20.019649	6.77777777777778	1	0.750015047854117	0.423806292433045
"rv-03"	"Lotic"	NA	NA	2.27750482480138	0.20294329031453	0.159775604758993	0.153521843776086	14	-43.865597	-19.831886	4.57142857142857	1	0.0818171882240909	0.490019451144354
"rv-04"	"Lotic"	NA	NA	3.91797915575689	0.565096037297301	0.302519561879877	0.665100604396643	19	-43.892579	-19.549076	4.36842105263158	1	0.126050983524173	0.687357113438431
"rv-05"	"Lotic"	NA	NA	0.513343459144468	0.512745641489513	0.125555542313805	0.106080656807995	30	-44.152567	-18.805341	4.46666666666667	1	0.499708691158212	0.457962344444338
"rv-06"	"Lotic"	NA	NA	0.464163296580634	0.370632263748977	0.23936856484554	0.196206040135674	36	-44.186372	-18.425888	4.5	1	0.443979677614285	0.450453350337392
"rv-07"	"Lotic"	NA	NA	0.846874965833081	0.278282288399399	0.475782189094018	0.182358318200002	35	-44.549269	-17.865394	4.57142857142857	1	0.247327462319236	0.277081134163551
"rv-08"	"Lotic"	NA	NA	0.788992306557018	0.282312994994512	0.361611004677669	0.190719219351358	33	-44.813846	-17.207188	3.93939393939394	1	0.263522447415922	0.345299263111364
"sacado do juburi"	"Lentic"	3.87	NA	0.142008468100287	0.0279650813454396	0.479284190756318	0.113783832195132	13	-67.22480833	-5.146852778	1.92307692307692	1	0.164526077361048	0.191856292687773
"samauma"	"Lentic"	0.76	NA	0.160148866595028	0.0227009308545922	0.827982176142849	0.126985594883661	22	-67.63446904	-5.5276	2.40909090909091	1	0.124150702769287	0.132973696847551
"santa clara"	"Lentic"	2.51	NA	0.122866828440242	0.0174083290863997	0.436607763315927	0.187896164133425	12	-67.8033397916667	-5.98456979166667	2.33333333333333	1	0.124101297716194	0.300872670090075
"sao sebastiao"	"Lentic"	2.68	NA	0.314948857895179	0.0868861567108907	0.345815417948298	0.0916696722051055	12	-67.87753056	-6.059222222	2.16666666666667	1	0.216223458764706	0.2095378203014
"sc"	"Lotic"	NA	NA	0.117769520912181	0.196692139684061	0.00922644269264206	0.135094007845949	5	-81.4682	42.61735	4.6	3	0.625488459582381	0.936069748547695
"scle1"	"Lotic"	NA	TRUE	0.0285473387554035	0.0151840580681396	0.0413896375095418	0.218154732437842	5	172.580929	-43.447213	2.2	1	0.347211824250837	0.840529626907598
"scri1"	"Lotic"	NA	TRUE	0.201432785419984	0.0947494881831623	0.121939640550296	0.0938371961775981	5	172.548897	-43.469219	2.6	1	0.319902629656077	0.434880766631739
"scus1"	"Lotic"	NA	TRUE	0.119888991088511	0.0104646304957611	0.530454934413827	0.0556980569795703	5	172.562506	-43.346407	2.4	1	0.0802787860327747	0.0950230704225621
"selwyn"	"Lotic"	NA	TRUE	0.0317663077516329	0.0937787305412148	0.286806977428897	0.558179293409862	6	172.423652	-43.700487	3.83333333333333	2	0.746972814030814	0.660577943894634
"sfla1"	"Lotic"	NA	TRUE	0.02785439668573	0.0135866778184242	0.0441125779263531	0.0333140401062696	5	172.602226	-43.339532	2.6	1	0.327855345957842	0.430265985429367
"site1"	"Lotic"	NA	NA	0.504590095850799	0.20661962399965	0.0858803523823023	0.170618541903391	13	26.6076963332558	-25.5213337500537	21.4615384615385	1	0.290518560464974	0.665182368050884
"site10"	"Lotic"	NA	NA	0.0553931400950366	0.0459090727729934	0.00635616606334284	0.05942096991568	5	30.84583333	-24.72083333	5.4	2	0.453189239141308	0.903368154165759
"site6"	"Lotic"	NA	NA	0.0353486285693591	0.0985694258483997	0.205568815650321	0.0710988461058454	5	30.74969444	-24.89941667	5.4	1	0.736042845581607	0.256982856812902
"site7"	"Lotic"	NA	NA	0.0555270946378248	0.024181648605865	0.563696187299023	0.101670367249989	6	30.76105556	-24.87777778	4.83333333333333	1	0.3033751081978	0.152803543482738
"site8"	"Lotic"	NA	NA	0.160589771040871	0.0387365596616244	0.0379260019405826	0.0983702428138989	7	30.76280556	-24.85391667	9.42857142857143	1	0.194337393986551	0.721738467491155
"site9"	"Lotic"	NA	NA	0.0213290783711694	0.00559289246095536	0.0224595197431228	0.0201184894743263	6	30.85513889	-24.73116667	5.33333333333333	2	0.20774454054016	0.472508927591698
"slip"	"Lotic"	NA	TRUE	0.126618095087189	0.0251936540428289	0.259184044828339	0.0282562566635623	5	171.708472	-43.255139	4.4	2	0.165953255839585	0.0983030442039749
"snor1"	"Lotic"	NA	TRUE	0.440263665439888	0.0075557833352113	0.823903932340123	0.0925339144544981	6	172.613456	-43.313656	2.16666666666667	1	0.0168723876461335	0.100971293119494
"ssal1"	"Lotic"	NA	TRUE	0.0306263239839774	0.0290512710640485	0.128080025105523	0.0389330490873975	6	172.668558	-43.256645	2.66666666666667	1	0.486803649521555	0.233113780316534
"sshi1"	"Lotic"	NA	TRUE	0.0259204661107926	0.00423417730788793	0.0447569088788426	0.0123988847315162	4	172.566065	-43.459373	2.5	1	0.140415432843915	0.21693137210274
"ssou1"	"Lotic"	NA	TRUE	0.0398189690295215	0.0416074205619573	0.335880907100028	0.265633280165889	5	172.591798	-43.323309	2	1	0.510982014193485	0.441607672419633
"sspr1"	"Lotic"	NA	TRUE	0.063152388108247	0.0497825548071476	0.158221737697684	0.021395505220482	4	172.4822	-43.654532	2.25	1	0.440807366808006	0.11911721209433
"tq-01"	"Lotic"	NA	NA	0.711039018911879	0.0681796838874278	0.0777321168100843	0.0254848063880416	14	-43.736081	-19.60086	4.92857142857143	1	0.0874974941470161	0.24690530969542
"valdivia03"	"Lotic"	NA	NA	0.628794581863123	0.246253939637224	0.362767333850144	0.192621672376945	8	-73.004671	-39.785397	4.5	1	0.281417468387924	0.346822983921625
"valdivia05"	"Lotic"	NA	NA	0.378431951418764	0.426433302743586	0.576744081919621	0.280156553480894	6	-72.459847	-39.771736	7.33333333333333	1	0.529819495298489	0.326941703514957
"vallderoures-up"	"Lotic"	NA	TRUE	0.294565376440861	0.400062838217736	0.0194224955199387	0.113128853963435	4	0.1482923963	40.86972927	3.5	3	0.575938077053727	0.853471914125062
"veado"	"Lentic"	1.61	NA	0.200338042554698	0.0561840290402301	0.39976705528611	0.174827916710919	8	-67.79868611	-5.826902778	4.75	1	0.21902220222574	0.304262872512263
"wa"	"Lotic"	NA	NA	0.302761505567154	0.0315145772145128	0.0899289958552867	0.01472353459703	4	-80.6831	42.82023	8.75	3	0.094277092612386	0.140689714175029
"waikekewai"	"Lotic"	NA	TRUE	0.0583365362569305	0.0102818773525291	0.0690870783440535	0.363770234381987	4	172.359919	-43.857886	4.75	2	0.149841373644226	0.840392950949683
"wh"	"Lotic"	NA	NA	0.0708914187249623	0.0468301102300978	0.0475347610713648	0.00528393020198651	5	-80.5602	43.30021	6.6	2	0.39780412848677	0.100039021691028
